,vs_Hand,type,Equity_%,Draws_%,Loses_%
0,2_4,2o,54.44,12.48,33.08
1,2_5,2o,54.29,12.48,33.22
2,2_4,1o,53.9,12.62,33.47
3,2_4,1o,53.89,12.65,33.45
4,2_5,1o,53.76,12.62,33.62
5,2_5,1o,53.76,12.66,33.58
6,2_4,ssame,53.51,12.79,33.7
7,2_5,ssame,53.37,12.8,33.83
8,2_3,2o,53.35,24.79,21.85
9,2_3,1o,52.67,25.19,22.14
10,3_4,2o,52.38,24.09,23.53
11,3_5,2o,52.25,24.12,23.63
12,3_4,1o,51.75,24.5,23.75
13,3_5,1o,51.63,24.54,23.83
14,2_4,sdifferent,51.36,11.58,37.06
15,2_5,sdifferent,51.23,11.58,37.18
16,2_3,sdifferent,50.22,23.55,26.23
17,3_4,sdifferent,49.38,22.89,27.74
18,3_5,sdifferent,49.26,22.92,27.82
19,4_5,2o,48.42,12.43,39.15
20,2_2,2o,48.38,3.14,48.48
21,2_2,1o,48.04,3.18,48.78
22,4_5,1o,47.73,12.61,39.66
23,4_5,1o,47.71,12.6,39.69
24,4_5,ssame,47.14,12.78,40.08
25,2_K,2o,45.83,0.77,53.4
26,2_Q,2o,45.75,1.01,53.24
27,4_5,sdifferent,45.67,11.57,42.76
28,2_J,2o,45.35,1.4,53.26
29,2_T,2o,45.33,1.98,52.69
30,2_A,2o,45.2,0.56,54.23
31,2_K,1o,45.18,0.81,54.01
32,2_9,2o,45.12,3.06,51.82
33,2_Q,1o,45.09,1.05,53.86
34,2_7,2o,44.96,7.74,47.3
35,2_8,2o,44.88,4.81,50.31
36,2_J,1o,44.68,1.43,53.89
37,2_T,1o,44.66,2.02,53.31
38,2_A,1o,44.54,0.6,54.86
39,2_K,1o,44.47,0.86,54.67
40,2_9,1o,44.45,3.1,52.44
41,2_Q,1o,44.39,1.1,54.51
42,2_7,1o,44.3,7.83,47.87
43,2_8,1o,44.2,4.87,50.92
44,2_J,1o,43.97,1.49,54.54
45,2_T,1o,43.97,2.08,53.95
46,2_A,1o,43.83,0.64,55.52
47,2_9,1o,43.77,3.16,53.06
48,2_7,1o,43.68,7.88,48.43
49,2_8,1o,43.53,4.93,51.54
50,2_K,sdifferent,43.17,0.77,56.06
51,2_Q,sdifferent,43.1,0.99,55.91
52,2_T,sdifferent,42.72,1.9,55.37
53,2_J,sdifferent,42.72,1.35,55.92
54,2_A,sdifferent,42.6,0.57,56.83
55,2_9,sdifferent,42.54,2.9,54.56
56,2_7,sdifferent,42.47,7.23,50.31
57,2_8,sdifferent,42.32,4.52,53.16
58,4_K,2o,41.85,0.72,57.42
59,4_Q,2o,41.77,0.96,57.27
60,5_K,2o,41.51,0.7,57.79
61,5_Q,2o,41.43,0.95,57.63
62,4_9,2o,41.42,3.02,55.56
63,4_J,2o,41.37,1.35,57.29
64,4_T,2o,41.35,1.93,56.72
65,5_T,2o,41.3,1.93,56.77
66,4_K,1o,41.1,0.79,58.11
67,5_J,2o,41.02,1.33,57.65
68,4_Q,1o,41.02,1.03,57.95
69,4_A,2o,40.96,0.51,58.53
70,5_K,1o,40.77,0.78,58.45
71,5_Q,1o,40.69,1.02,58.29
72,4_9,1o,40.66,3.1,56.24
73,5_A,2o,40.61,0.49,58.89
74,4_J,1o,40.6,1.42,57.98
75,4_T,1o,40.59,2.0,57.41
76,2_K,ssame,40.59,0.89,58.52
77,5_T,1o,40.56,2.0,57.44
78,2_Q,ssame,40.5,1.14,58.36
79,4_K,1o,40.41,0.81,58.79
80,4_Q,1o,40.32,1.05,58.63
81,4_8,2o,40.28,4.77,54.95
82,5_J,1o,40.27,1.4,58.32
83,5_9,2o,40.21,3.0,56.79
84,4_A,1o,40.19,0.58,59.23
85,2_J,ssame,40.08,1.52,58.4
86,2_T,ssame,40.08,2.12,57.8
87,5_K,1o,40.06,0.79,59.15
88,4_9,1o,40.0,3.12,56.88
89,5_Q,1o,39.98,1.03,58.99
90,2_A,ssame,39.94,0.68,59.38
91,4_T,1o,39.91,2.03,58.06
92,4_J,1o,39.91,1.44,58.66
93,2_9,ssame,39.88,3.21,56.92
94,5_T,1o,39.86,2.02,58.12
95,5_A,1o,39.86,0.57,59.57
96,2_7,ssame,39.74,7.97,52.29
97,2_8,ssame,39.62,4.99,55.39
98,5_J,1o,39.56,1.42,59.02
99,4_A,1o,39.5,0.59,59.91
100,4_8,1o,39.49,4.86,55.64
101,5_9,1o,39.44,3.09,57.48
102,4_K,sdifferent,39.43,0.75,59.82
103,K_A,2o,39.43,0.46,60.11
104,Q_A,2o,39.35,0.44,60.21
105,4_Q,sdifferent,39.35,0.98,59.67
106,9_A,2o,39.25,0.43,60.31
107,4_7,2o,39.19,7.69,53.12
108,5_A,1o,39.15,0.58,60.28
109,5_K,sdifferent,39.13,0.74,60.13
110,5_8,2o,39.07,4.76,56.18
111,4_9,sdifferent,39.06,2.89,58.05
112,5_Q,sdifferent,39.05,0.97,59.98
113,4_T,sdifferent,38.98,1.89,59.13
114,4_J,sdifferent,38.98,1.34,59.68
115,T_A,2o,38.96,0.43,60.61
116,5_T,sdifferent,38.95,1.89,59.17
117,J_A,2o,38.94,0.44,60.61
118,8_K,2o,38.93,0.66,60.41
119,8_A,2o,38.93,0.43,60.64
120,Q_K,2o,38.87,0.65,60.48
121,4_8,1o,38.83,4.89,56.28
122,7_A,2o,38.79,0.44,60.77
123,9_K,2o,38.78,0.65,60.58
124,5_9,1o,38.76,3.1,58.14
125,7_Q,2o,38.71,0.9,60.38
126,7_K,2o,38.71,0.65,60.64
127,5_J,sdifferent,38.68,1.33,59.99
128,4_A,sdifferent,38.61,0.55,60.84
129,T_K,2o,38.48,0.64,60.88
130,J_K,2o,38.47,0.65,60.88
131,8_Q,2o,38.45,0.9,60.65
132,4_7,1o,38.36,7.81,53.83
133,5_A,sdifferent,38.31,0.54,61.14
134,9_Q,2o,38.3,0.88,60.81
135,5_8,1o,38.27,4.86,56.88
136,7_J,2o,38.14,1.29,60.57
137,T_Q,2o,38.01,0.86,61.13
138,4_8,sdifferent,38.0,4.52,57.48
139,J_Q,2o,37.99,0.87,61.13
140,5_7,2o,37.97,7.68,54.35
141,5_9,sdifferent,37.94,2.89,59.17
142,K_A,1o,37.93,0.54,61.54
143,K_A,1o,37.93,0.54,61.54
144,Q_A,1o,37.84,0.52,61.63
145,8_J,2o,37.84,1.28,60.89
146,Q_A,1o,37.84,0.53,61.63
147,9_A,1o,37.77,0.52,61.71
148,4_7,1o,37.75,7.84,54.41
149,9_A,1o,37.75,0.51,61.74
150,9_J,2o,37.68,1.25,61.07
151,5_8,1o,37.59,4.87,57.53
152,T_A,1o,37.46,0.52,62.03
153,8_A,1o,37.44,0.52,62.04
154,8_K,1o,37.44,0.74,61.82
155,T_A,1o,37.44,0.51,62.04
156,J_A,1o,37.43,0.53,62.05
157,J_A,1o,37.43,0.52,62.05
158,8_K,1o,37.42,0.74,61.85
159,8_A,1o,37.42,0.51,62.07
160,7_T,2o,37.39,1.87,60.75
161,7_A,1o,37.37,0.52,62.11
162,Q_K,1o,37.36,0.73,61.91
163,Q_K,1o,37.36,0.73,61.91
164,9_K,1o,37.29,0.73,61.98
165,7_A,1o,37.28,0.52,62.2
166,7_K,1o,37.28,0.73,61.99
167,7_Q,1o,37.28,0.98,61.73
168,9_K,1o,37.26,0.73,62.01
169,7_Q,1o,37.2,0.99,61.81
170,7_K,1o,37.2,0.73,62.07
171,5_7,1o,37.13,7.8,55.07
172,T_J,2o,37.11,1.11,61.77
173,8_T,2o,37.08,1.83,61.1
174,4_7,sdifferent,37.0,7.21,55.79
175,T_K,1o,36.97,0.72,62.3
176,8_Q,1o,36.96,0.98,62.06
177,T_K,1o,36.96,0.72,62.32
178,K_A,sdifferent,36.94,0.51,62.55
179,J_K,1o,36.94,0.73,62.33
180,J_K,1o,36.94,0.73,62.33
181,8_Q,1o,36.93,0.98,62.08
182,9_T,2o,36.93,1.7,61.37
183,5_8,sdifferent,36.89,4.51,58.6
184,Q_A,sdifferent,36.86,0.5,62.64
185,9_Q,1o,36.81,0.97,62.23
186,9_A,sdifferent,36.8,0.49,62.7
187,9_Q,1o,36.78,0.97,62.25
188,7_J,1o,36.68,1.37,61.95
189,7_J,1o,36.61,1.38,62.01
190,T_A,sdifferent,36.52,0.49,62.99
191,5_7,1o,36.51,7.82,55.67
192,8_K,sdifferent,36.5,0.71,62.79
193,8_A,sdifferent,36.5,0.5,63.0
194,J_A,sdifferent,36.49,0.5,63.01
195,T_Q,1o,36.49,0.95,62.56
196,T_Q,1o,36.48,0.95,62.58
197,J_Q,1o,36.46,0.96,62.59
198,J_Q,1o,36.46,0.96,62.58
199,7_9,2o,36.46,2.89,60.64
200,Q_K,sdifferent,36.43,0.69,62.87
201,7_A,sdifferent,36.43,0.5,63.07
202,9_K,sdifferent,36.37,0.69,62.94
203,4_K,ssame,36.36,0.87,62.77
204,7_K,sdifferent,36.36,0.7,62.94
205,7_Q,sdifferent,36.36,0.94,62.7
206,8_J,1o,36.31,1.36,62.33
207,8_J,1o,36.3,1.36,62.34
208,4_Q,ssame,36.28,1.12,62.61
209,9_J,1o,36.16,1.33,62.51
210,8_9,2o,36.16,2.72,61.13
211,3_3,2o,36.14,3.87,59.99
212,9_J,1o,36.14,1.33,62.52
213,T_K,sdifferent,36.09,0.69,63.23
214,8_Q,sdifferent,36.07,0.93,62.99
215,J_K,sdifferent,36.06,0.69,63.25
216,5_K,ssame,36.02,0.86,63.12
217,4_9,ssame,35.94,3.2,60.86
218,5_Q,ssame,35.94,1.11,62.96
219,9_Q,sdifferent,35.94,0.92,63.15
220,7_T,1o,35.93,1.95,62.12
221,5_7,sdifferent,35.88,7.21,56.91
222,7_T,1o,35.86,1.96,62.18
223,4_T,ssame,35.85,2.1,62.05
224,4_J,ssame,35.85,1.51,62.64
225,7_J,sdifferent,35.82,1.3,62.88
226,5_T,ssame,35.82,2.1,62.09
227,T_Q,sdifferent,35.66,0.9,63.45
228,J_Q,sdifferent,35.63,0.9,63.47
229,T_J,1o,35.56,1.2,63.24
230,T_J,1o,35.56,1.2,63.24
231,8_T,1o,35.55,1.91,62.54
232,8_T,1o,35.54,1.92,62.54
233,5_J,ssame,35.51,1.5,62.99
234,8_J,sdifferent,35.49,1.29,63.22
235,4_A,ssame,35.44,0.66,63.9
236,9_T,1o,35.4,1.79,62.81
237,9_T,1o,35.39,1.79,62.82
238,9_J,sdifferent,35.36,1.26,63.39
239,7_8,2o,35.29,4.42,60.29
240,7_T,sdifferent,35.15,1.84,63.01
241,5_A,ssame,35.1,0.65,64.25
242,7_9,1o,34.99,2.99,62.03
243,7_9,1o,34.93,3.0,62.08
244,T_J,sdifferent,34.82,1.13,64.05
245,8_T,sdifferent,34.81,1.8,63.39
246,4_8,ssame,34.75,4.98,60.27
247,5_9,ssame,34.68,3.19,62.13
248,9_T,sdifferent,34.68,1.68,63.64
249,8_9,1o,34.61,2.81,62.58
250,8_9,1o,34.61,2.81,62.57
251,7_9,sdifferent,34.31,2.79,62.9
252,8_9,sdifferent,33.97,2.63,63.4
253,7_8,1o,33.79,4.52,61.69
254,7_8,1o,33.73,4.53,61.73
255,K_A,ssame,33.7,0.62,65.69
256,4_7,ssame,33.61,7.95,58.43
257,Q_A,ssame,33.61,0.61,65.78
258,9_A,ssame,33.54,0.6,65.86
259,5_8,ssame,33.49,4.97,61.54
260,2_6,2o,33.27,46.34,20.39
261,7_8,sdifferent,33.22,4.2,62.57
262,T_A,ssame,33.22,0.6,66.18
263,8_K,ssame,33.21,0.82,65.97
264,8_A,ssame,33.21,0.6,66.19
265,J_A,ssame,33.19,0.61,66.2
266,Q_K,ssame,33.12,0.81,66.07
267,7_A,ssame,33.08,0.6,66.32
268,9_K,ssame,33.05,0.81,66.14
269,7_Q,ssame,32.99,1.07,65.94
270,7_K,ssame,32.99,0.82,66.19
271,T_K,ssame,32.73,0.8,66.47
272,8_Q,ssame,32.71,1.07,66.22
273,J_K,ssame,32.7,0.81,66.49
274,4_4,2o,32.67,2.53,64.81
275,9_Q,ssame,32.56,1.05,66.39
276,7_J,ssame,32.38,1.46,66.16
277,5_7,ssame,32.35,7.95,59.7
278,2_6,1o,32.3,47.05,20.64
279,T_Q,ssame,32.24,1.03,66.73
280,J_Q,ssame,32.2,1.04,66.76
281,4_4,1o,32.13,2.6,65.27
282,8_J,ssame,32.05,1.45,66.5
283,5_5,2o,32.02,2.04,65.94
284,9_J,ssame,31.9,1.42,66.68
285,3_A,2o,31.67,1.52,66.81
286,3_K,2o,31.63,2.56,65.81
287,2_6,sdifferent,31.62,43.51,24.87
288,7_T,ssame,31.62,2.05,66.33
289,3_Q,2o,31.59,3.58,64.83
290,5_5,1o,31.5,2.12,66.39
291,T_J,ssame,31.29,1.28,67.43
292,8_T,ssame,31.28,2.01,66.71
293,3_J,2o,31.18,4.87,63.95
294,3_T,2o,31.17,6.64,62.2
295,9_T,ssame,31.13,1.88,66.99
296,3_8,2o,30.92,12.46,56.63
297,3_9,2o,30.88,9.23,59.89
298,7_9,ssame,30.67,3.08,66.25
299,8_9,ssame,30.34,2.9,66.76
300,3_A,1o,30.01,1.61,68.38
301,3_K,1o,29.96,2.67,67.37
302,3_Q,1o,29.92,3.71,66.37
303,3_A,sdifferent,29.9,1.48,68.62
304,3_K,sdifferent,29.86,2.5,67.64
305,3_Q,sdifferent,29.82,3.49,66.69
306,6_A,2o,29.67,2.73,67.6
307,6_K,2o,29.63,3.84,66.53
308,6_J,2o,29.59,5.88,64.53
309,6_Q,2o,29.59,4.93,65.48
310,3_T,1o,29.51,6.81,63.69
311,3_J,1o,29.51,5.01,65.48
312,3_T,sdifferent,29.45,6.44,64.11
313,3_J,sdifferent,29.45,4.74,65.81
314,7_8,ssame,29.45,4.63,65.92
315,3_7,2o,29.39,17.27,53.34
316,6_T,2o,29.3,7.61,63.09
317,3_8,1o,29.27,12.71,58.02
318,3_8,sdifferent,29.23,11.98,58.78
319,3_9,1o,29.23,9.44,61.33
320,3_9,sdifferent,29.19,8.92,61.89
321,6_9,2o,29.06,10.14,60.8
322,6_A,sdifferent,28.01,2.63,69.36
323,6_K,sdifferent,27.97,3.71,68.32
324,6_A,1o,27.96,2.85,69.18
325,6_Q,sdifferent,27.93,4.77,67.3
326,6_J,sdifferent,27.93,5.71,66.36
327,6_K,1o,27.92,3.98,68.1
328,6_Q,1o,27.88,5.08,67.04
329,3_7,sdifferent,27.88,16.53,55.6
330,6_J,1o,27.88,6.04,66.08
331,3_7,1o,27.77,17.6,54.63
332,6_T,sdifferent,27.67,7.39,64.93
333,6_T,1o,27.59,7.82,64.59
334,6_9,sdifferent,27.45,9.83,62.72
335,6_9,1o,27.34,10.41,62.25
336,6_7,2o,27.3,17.68,55.03
337,6_8,2o,27.3,13.54,59.16
338,4_6,2o,26.33,46.1,27.57
339,5_6,2o,26.04,40.1,33.85
340,6_7,sdifferent,25.86,16.98,57.16
341,6_8,sdifferent,25.81,13.07,61.12
342,6_7,1o,25.58,18.08,56.34
343,6_8,1o,25.53,13.88,60.59
344,4_6,1o,25.14,46.85,28.0
345,4_6,sdifferent,25.03,43.32,31.65
346,5_6,1o,24.85,40.78,34.36
347,5_6,sdifferent,24.77,37.76,37.46
348,A_A,2o,19.62,0.39,79.99
349,K_K,2o,19.62,0.38,80.0
350,Q_Q,2o,19.62,0.37,80.01
351,T_T,2o,19.32,0.46,80.22
352,J_J,2o,19.22,0.39,80.39
353,9_9,2o,19.09,0.62,80.29
354,8_8,2o,18.77,0.89,80.34
355,K_K,1o,18.36,0.46,81.17
356,Q_Q,1o,18.36,0.45,81.18
357,A_A,1o,18.36,0.47,81.16
358,T_T,1o,18.06,0.55,81.39
359,J_J,1o,17.95,0.48,81.58
360,9_9,1o,17.85,0.71,81.44
361,7_7,2o,17.64,1.27,81.09
362,8_8,1o,17.52,0.97,81.51
363,7_7,1o,16.4,1.35,82.25
364,6_6,2o,12.81,4.72,82.47
365,3_6,sdifferent,7.15,85.69,7.15
366,3_6,2o,7.15,90.7,2.14
