,vs_Hand,type,Equity_%,Draws_%,Loses_%
0,3_7,2o,63.84,12.59,23.57
1,3_7,1o,63.26,12.84,23.89
2,2_3,2o,63.19,13.29,23.52
3,2_3,1o,62.56,13.55,23.88
4,3_6,2o,62.53,12.45,25.02
5,2_7,2o,62.23,4.84,32.93
6,3_6,1o,61.92,12.71,25.37
7,2_7,1o,61.75,4.9,33.35
8,2_7,1o,61.67,4.95,33.38
9,2_7,ssame,61.38,5.01,33.62
10,3_4,2o,61.31,12.79,25.9
11,2_6,2o,61.19,4.82,33.99
12,3_5,2o,60.85,12.77,26.38
13,2_6,1o,60.68,4.88,34.44
14,3_4,1o,60.65,13.07,26.28
15,2_6,1o,60.61,4.93,34.47
16,2_6,ssame,60.28,4.99,34.73
17,3_5,1o,60.2,13.06,26.75
18,3_7,sdifferent,60.01,12.1,27.89
19,2_4,2o,59.96,4.88,35.15
20,2_5,2o,59.79,4.86,35.35
21,2_4,1o,59.42,4.94,35.64
22,2_3,sdifferent,59.39,12.79,27.82
23,2_4,1o,59.35,4.97,35.68
24,2_5,1o,59.25,4.92,35.83
25,2_5,1o,59.19,4.96,35.85
26,2_4,ssame,58.98,5.03,35.98
27,2_5,ssame,58.82,5.02,36.16
28,3_6,sdifferent,58.78,11.98,29.23
29,2_7,sdifferent,58.46,4.54,37.0
30,3_4,sdifferent,57.63,12.31,30.05
31,2_6,sdifferent,57.49,4.52,37.99
32,3_5,sdifferent,57.22,12.3,30.48
33,4_7,2o,56.41,4.8,38.79
34,2_4,sdifferent,56.35,4.58,39.08
35,2_5,sdifferent,56.2,4.56,39.24
36,4_7,1o,55.72,4.91,39.37
37,4_7,1o,55.71,4.89,39.4
38,4_6,2o,55.54,4.78,39.68
39,4_7,ssame,55.2,5.0,39.8
40,4_6,1o,54.83,4.89,40.28
41,4_6,1o,54.82,4.88,40.3
42,4_5,2o,54.39,4.82,40.79
43,4_6,ssame,54.29,4.98,40.73
44,5_6,2o,54.11,4.77,41.13
45,5_7,2o,54.1,5.64,40.25
46,4_5,1o,53.67,4.92,41.41
47,4_5,1o,53.65,4.91,41.43
48,5_7,1o,53.37,5.76,40.87
49,5_6,1o,53.37,4.87,41.77
50,5_7,1o,53.37,5.75,40.87
51,5_6,1o,53.36,4.87,41.76
52,4_5,ssame,53.1,5.01,41.89
53,4_7,sdifferent,52.95,4.53,42.52
54,5_7,ssame,52.82,5.86,41.32
55,5_6,ssame,52.79,4.97,42.24
56,4_6,sdifferent,52.15,4.52,43.34
57,6_7,2o,51.32,6.19,42.49
58,4_5,sdifferent,51.09,4.55,44.36
59,5_7,sdifferent,50.81,5.32,43.87
60,5_6,sdifferent,50.81,4.51,44.68
61,6_7,1o,50.54,6.31,43.15
62,6_7,1o,50.54,6.31,43.15
63,6_7,ssame,49.93,6.42,43.65
64,6_7,sdifferent,48.22,5.83,45.95
65,2_2,2o,47.65,2.46,49.89
66,2_2,1o,47.25,2.5,50.25
67,2_K,2o,43.98,0.76,55.25
68,2_Q,2o,43.97,1.01,55.03
69,2_J,2o,43.68,1.38,54.94
70,2_T,2o,43.33,1.97,54.7
71,2_K,1o,43.24,0.8,55.96
72,2_Q,1o,43.23,1.05,55.73
73,2_A,2o,43.21,0.54,56.26
74,2_9,2o,43.07,3.06,53.86
75,2_J,1o,42.93,1.42,55.65
76,2_T,1o,42.58,2.01,55.41
77,2_Q,1o,42.54,1.09,56.37
78,2_K,1o,42.54,0.85,56.61
79,2_A,1o,42.44,0.57,56.98
80,2_9,1o,42.31,3.11,54.57
81,2_J,1o,42.26,1.47,56.27
82,2_T,1o,41.93,2.07,56.01
83,2_A,1o,41.76,0.62,57.62
84,2_9,1o,41.68,3.17,55.16
85,2_K,sdifferent,41.41,0.76,57.83
86,2_Q,sdifferent,41.41,0.99,57.6
87,2_J,sdifferent,41.15,1.34,57.5
88,2_T,sdifferent,40.85,1.89,57.25
89,2_A,sdifferent,40.7,0.54,58.76
90,2_9,sdifferent,40.63,2.91,56.47
91,6_A,2o,40.04,0.44,59.52
92,4_K,2o,40.03,0.72,59.25
93,4_Q,2o,40.01,0.96,59.02
94,7_Q,2o,39.98,0.91,59.11
95,7_A,2o,39.79,0.42,59.78
96,4_J,2o,39.72,1.34,58.94
97,6_K,2o,39.7,0.66,59.64
98,7_K,2o,39.7,0.65,59.64
99,6_Q,2o,39.69,0.9,59.41
100,6_J,2o,39.67,1.29,59.04
101,5_K,2o,39.65,0.7,59.65
102,5_Q,2o,39.63,0.95,59.42
103,4_A,2o,39.43,0.49,60.08
104,4_T,2o,39.38,1.93,58.69
105,4_9,2o,39.36,3.03,57.61
106,5_J,2o,39.34,1.32,59.34
107,5_T,2o,39.28,1.92,58.8
108,6_A,1o,39.15,0.52,60.33
109,4_K,1o,39.12,0.79,60.09
110,4_Q,1o,39.1,1.03,59.86
111,7_Q,1o,39.08,0.99,59.93
112,5_A,2o,39.04,0.47,60.48
113,7_A,1o,38.89,0.51,60.6
114,4_J,1o,38.81,1.41,59.78
115,7_J,2o,38.81,1.29,59.91
116,7_K,1o,38.8,0.74,60.46
117,6_K,1o,38.8,0.74,60.46
118,6_Q,1o,38.78,0.98,60.24
119,6_J,1o,38.77,1.37,59.86
120,5_K,1o,38.74,0.78,60.47
121,5_Q,1o,38.73,1.02,60.25
122,2_Q,ssame,38.54,1.13,60.32
123,6_A,1o,38.54,0.52,60.95
124,2_K,ssame,38.54,0.89,60.57
125,4_K,1o,38.5,0.81,60.69
126,4_Q,1o,38.5,1.05,60.45
127,4_A,1o,38.5,0.56,60.94
128,7_Q,1o,38.47,1.0,60.54
129,4_T,1o,38.46,2.0,59.54
130,6_T,2o,38.46,1.88,59.67
131,4_9,1o,38.44,3.11,58.45
132,5_J,1o,38.43,1.4,60.17
133,5_T,1o,38.37,2.0,59.63
134,7_A,1o,38.28,0.51,61.21
135,2_J,ssame,38.26,1.51,60.23
136,4_J,1o,38.22,1.43,60.35
137,6_J,1o,38.17,1.38,60.45
138,7_K,1o,38.17,0.74,61.09
139,6_K,1o,38.17,0.74,61.09
140,6_Q,1o,38.17,0.99,60.85
141,5_9,2o,38.14,3.02,58.84
142,5_A,1o,38.13,0.55,61.32
143,5_K,1o,38.11,0.79,61.1
144,5_Q,1o,38.11,1.03,60.85
145,2_T,ssame,37.92,2.11,59.98
146,4_A,1o,37.9,0.58,61.52
147,4_T,1o,37.89,2.02,60.09
148,4_9,1o,37.88,3.13,58.98
149,7_J,1o,37.88,1.37,60.75
150,5_J,1o,37.83,1.41,60.76
151,5_T,1o,37.78,2.01,60.2
152,2_A,ssame,37.74,0.66,61.6
153,6_A,sdifferent,37.68,0.49,61.83
154,2_9,ssame,37.66,3.21,59.13
155,4_K,sdifferent,37.64,0.75,61.61
156,4_Q,sdifferent,37.64,0.98,61.38
157,7_Q,sdifferent,37.62,0.94,61.44
158,7_T,2o,37.59,1.88,60.54
159,6_T,1o,37.52,1.96,60.52
160,5_A,1o,37.51,0.56,61.93
161,7_A,sdifferent,37.45,0.49,62.06
162,4_J,sdifferent,37.38,1.33,61.28
163,6_K,sdifferent,37.35,0.7,61.95
164,6_J,sdifferent,37.35,1.29,61.35
165,7_K,sdifferent,37.35,0.7,61.95
166,6_Q,sdifferent,37.35,0.93,61.72
167,6_9,2o,37.32,2.97,59.7
168,5_Q,sdifferent,37.3,0.97,61.73
169,5_K,sdifferent,37.3,0.74,61.96
170,7_J,1o,37.28,1.38,61.34
171,5_9,1o,37.2,3.1,59.69
172,4_A,sdifferent,37.09,0.53,62.37
173,4_9,sdifferent,37.08,2.91,60.02
174,4_T,sdifferent,37.08,1.88,61.03
175,5_J,sdifferent,37.05,1.32,61.63
176,Q_A,2o,37.03,0.44,62.53
177,K_A,2o,37.02,0.45,62.53
178,5_T,sdifferent,37.0,1.88,61.11
179,6_T,1o,36.94,1.97,61.09
180,J_A,2o,36.77,0.43,62.8
181,5_A,sdifferent,36.75,0.53,62.72
182,9_A,2o,36.7,0.42,62.88
183,5_9,1o,36.64,3.12,60.24
184,7_T,1o,36.63,1.96,61.41
185,7_J,sdifferent,36.54,1.29,62.17
186,T_A,2o,36.46,0.42,63.12
187,J_K,2o,36.46,0.65,62.88
188,9_K,2o,36.45,0.65,62.9
189,Q_K,2o,36.45,0.66,62.89
190,7_9,2o,36.45,2.97,60.57
191,6_9,1o,36.36,3.06,60.58
192,6_T,sdifferent,36.23,1.84,61.92
193,T_K,2o,36.2,0.64,63.15
194,7_T,1o,36.05,1.97,61.98
195,5_9,sdifferent,35.96,2.9,61.14
196,6_9,1o,35.8,3.08,61.13
197,J_Q,2o,35.7,0.88,63.41
198,9_Q,2o,35.69,0.89,63.42
199,7_9,1o,35.46,3.07,61.47
200,Q_A,1o,35.45,0.52,64.03
201,Q_A,1o,35.45,0.52,64.03
202,T_Q,2o,35.44,0.87,63.68
203,K_A,1o,35.43,0.53,64.03
204,K_A,1o,35.42,0.53,64.05
205,7_T,sdifferent,35.42,1.85,62.74
206,J_A,1o,35.2,0.51,64.29
207,J_A,1o,35.19,0.51,64.3
208,6_9,sdifferent,35.18,2.86,61.95
209,9_A,1o,35.16,0.51,64.33
210,9_A,1o,35.12,0.5,64.38
211,7_9,1o,34.91,3.07,62.02
212,T_A,1o,34.9,0.51,64.6
213,9_K,1o,34.88,0.74,64.38
214,T_A,1o,34.87,0.5,64.63
215,J_K,1o,34.87,0.74,64.4
216,J_K,1o,34.85,0.74,64.41
217,9_K,1o,34.84,0.74,64.42
218,Q_K,1o,34.84,0.75,64.42
219,Q_K,1o,34.84,0.75,64.42
220,Q_A,sdifferent,34.71,0.5,64.79
221,9_J,2o,34.69,1.26,64.06
222,K_A,sdifferent,34.68,0.5,64.81
223,T_K,1o,34.62,0.73,64.65
224,3_3,2o,34.61,3.38,62.01
225,T_K,1o,34.59,0.73,64.68
226,J_A,sdifferent,34.49,0.49,65.02
227,9_A,sdifferent,34.45,0.49,65.06
228,T_J,2o,34.44,1.12,64.44
229,6_A,ssame,34.38,0.6,65.02
230,7_9,sdifferent,34.37,2.86,62.77
231,4_Q,ssame,34.33,1.12,64.55
232,4_K,ssame,34.33,0.88,64.79
233,7_Q,ssame,34.31,1.08,64.62
234,T_A,sdifferent,34.22,0.48,65.3
235,9_K,sdifferent,34.19,0.7,65.11
236,J_K,sdifferent,34.18,0.7,65.12
237,Q_K,sdifferent,34.15,0.71,65.15
238,7_A,ssame,34.12,0.59,65.29
239,9_Q,1o,34.12,0.98,64.9
240,J_Q,1o,34.11,0.97,64.93
241,J_Q,1o,34.09,0.97,64.94
242,9_Q,1o,34.08,0.98,64.94
243,4_J,ssame,34.05,1.5,64.45
244,6_J,ssame,34.01,1.46,64.53
245,6_K,ssame,34.0,0.82,65.17
246,6_Q,ssame,34.0,1.07,64.93
247,7_K,ssame,34.0,0.82,65.17
248,T_K,sdifferent,33.95,0.69,65.36
249,5_K,ssame,33.95,0.87,65.18
250,5_Q,ssame,33.95,1.11,64.94
251,T_Q,1o,33.86,0.96,65.18
252,T_Q,1o,33.83,0.96,65.21
253,4_A,ssame,33.71,0.65,65.64
254,4_9,ssame,33.7,3.21,63.09
255,4_T,ssame,33.7,2.1,64.2
256,5_J,ssame,33.66,1.49,64.85
257,9_T,2o,33.64,1.75,64.6
258,5_T,ssame,33.62,2.09,64.29
259,9_Q,sdifferent,33.51,0.92,65.57
260,J_Q,sdifferent,33.5,0.91,65.59
261,5_A,ssame,33.33,0.64,66.03
262,T_Q,sdifferent,33.28,0.9,65.82
263,9_J,1o,33.1,1.34,65.56
264,7_J,ssame,33.09,1.46,65.45
265,9_J,1o,33.07,1.35,65.58
266,4_4,2o,33.02,1.98,65.0
267,T_J,1o,32.84,1.21,65.96
268,T_J,1o,32.82,1.21,65.97
269,6_T,ssame,32.74,2.05,65.2
270,9_J,sdifferent,32.6,1.27,66.14
271,5_9,ssame,32.43,3.2,64.36
272,4_4,1o,32.41,2.05,65.54
273,T_J,sdifferent,32.36,1.14,66.5
274,5_5,2o,32.27,1.6,66.13
275,9_T,1o,32.04,1.84,66.13
276,9_T,1o,32.02,1.84,66.13
277,2_8,2o,31.97,47.47,20.56
278,7_T,ssame,31.82,2.05,66.12
279,6_6,2o,31.8,1.26,66.94
280,5_5,1o,31.66,1.68,66.65
281,9_T,sdifferent,31.65,1.73,66.62
282,6_9,ssame,31.56,3.16,65.28
283,7_7,2o,31.32,1.01,67.67
284,6_6,1o,31.19,1.34,67.47
285,Q_A,ssame,31.08,0.61,68.31
286,K_A,ssame,31.05,0.61,68.33
287,2_8,1o,30.93,48.19,20.88
288,J_A,ssame,30.83,0.6,68.57
289,9_A,ssame,30.79,0.59,68.62
290,7_7,1o,30.71,1.09,68.2
291,7_9,ssame,30.64,3.16,66.19
292,T_A,ssame,30.52,0.59,68.89
293,9_K,ssame,30.49,0.82,68.69
294,J_K,ssame,30.47,0.82,68.7
295,Q_K,ssame,30.44,0.83,68.73
296,2_8,sdifferent,30.37,44.55,25.08
297,T_K,ssame,30.22,0.81,68.97
298,9_Q,ssame,29.72,1.06,69.22
299,J_Q,ssame,29.71,1.05,69.24
300,T_Q,ssame,29.45,1.04,69.51
301,3_A,2o,29.16,1.56,69.28
302,3_K,2o,29.04,2.72,68.24
303,3_Q,2o,29.02,3.75,67.23
304,9_J,ssame,28.69,1.43,69.88
305,3_J,2o,28.69,5.03,66.28
306,T_J,ssame,28.42,1.29,70.29
307,3_T,2o,28.31,6.8,64.9
308,3_9,2o,27.97,9.44,62.6
309,9_T,ssame,27.61,1.93,70.46
310,3_A,sdifferent,27.54,1.54,70.92
311,3_Q,sdifferent,27.43,3.65,68.92
312,3_K,sdifferent,27.43,2.66,69.92
313,3_A,1o,27.4,1.68,70.92
314,8_K,2o,27.37,3.6,69.03
315,3_K,1o,27.27,2.84,69.89
316,3_Q,1o,27.27,3.88,68.85
317,3_J,sdifferent,27.14,4.89,67.98
318,8_Q,2o,27.09,4.59,68.32
319,8_A,2o,26.99,2.87,70.14
320,3_J,1o,26.95,5.18,67.87
321,8_J,2o,26.8,5.81,67.39
322,3_T,sdifferent,26.8,6.59,66.61
323,3_T,1o,26.58,6.97,66.45
324,8_T,2o,26.52,7.44,66.04
325,3_9,sdifferent,26.5,9.11,64.39
326,4_8,2o,26.36,45.83,27.81
327,8_9,2o,26.28,9.59,64.14
328,3_9,1o,26.24,9.65,64.1
329,6_8,2o,26.18,32.91,40.91
330,5_8,2o,26.08,39.8,34.12
331,7_8,2o,25.91,26.08,48.01
332,8_K,sdifferent,25.84,3.5,70.66
333,8_Q,sdifferent,25.59,4.48,69.94
334,8_K,1o,25.57,3.74,70.69
335,8_A,sdifferent,25.51,2.77,71.72
336,8_J,sdifferent,25.33,5.67,69.0
337,8_Q,1o,25.28,4.76,69.96
338,8_A,1o,25.2,3.0,71.8
339,8_T,sdifferent,25.07,7.26,67.67
340,4_8,1o,25.05,46.57,28.39
341,8_J,1o,24.99,6.01,69.0
342,4_8,sdifferent,24.95,43.05,32.0
343,8_9,sdifferent,24.85,9.33,65.82
344,6_8,1o,24.84,33.48,41.68
345,6_8,sdifferent,24.77,31.06,44.18
346,5_8,1o,24.76,40.47,34.78
347,8_T,1o,24.7,7.69,67.61
348,5_8,sdifferent,24.69,37.47,37.85
349,7_8,1o,24.55,26.56,48.88
350,7_8,sdifferent,24.51,24.69,50.8
351,8_9,1o,24.45,9.88,65.67
352,A_A,2o,16.91,0.37,82.72
353,Q_Q,2o,16.89,0.38,82.73
354,K_K,2o,16.78,0.39,82.83
355,J_J,2o,16.66,0.4,82.94
356,T_T,2o,16.39,0.46,83.15
357,9_9,2o,16.11,0.63,83.26
358,A_A,1o,15.58,0.45,83.97
359,Q_Q,1o,15.55,0.47,83.98
360,K_K,1o,15.43,0.47,84.1
361,J_J,1o,15.33,0.49,84.18
362,T_T,1o,15.06,0.55,84.38
363,9_9,1o,14.79,0.71,84.49
364,8_8,2o,10.1,3.82,86.08
365,3_8,2o,7.16,90.7,2.15
366,3_8,sdifferent,7.16,85.69,7.16
