,vs_Hand,type,Equity_%,Draws_%,Loses_%
0,4_9,2o,70.7,7.23,22.07
1,4_9,1o,70.22,7.41,22.37
2,4_8,2o,69.38,7.09,23.54
3,4_8,1o,68.86,7.28,23.86
4,2_4,2o,68.76,7.79,23.45
5,2_4,1o,68.21,7.97,23.81
6,4_7,2o,68.01,6.99,25.0
7,4_7,1o,67.46,7.2,25.34
8,3_4,2o,67.23,7.62,25.15
9,4_6,2o,66.71,6.89,26.4
10,3_4,1o,66.65,7.85,25.51
11,4_9,sdifferent,66.52,7.0,26.49
12,2_3,2o,66.35,2.05,31.6
13,4_6,1o,66.12,7.12,26.76
14,2_3,1o,65.93,2.11,31.96
15,2_3,1o,65.91,2.09,32.0
16,2_3,ssame,65.66,2.15,32.19
17,4_5,2o,65.34,7.21,27.44
18,4_8,sdifferent,65.28,6.88,27.84
19,2_7,2o,65.2,1.98,32.82
20,3_8,2o,65.0,1.95,33.05
21,2_8,2o,64.84,1.97,33.19
22,2_9,2o,64.76,1.99,33.25
23,2_7,1o,64.75,2.02,33.23
24,4_5,1o,64.72,7.46,27.82
25,2_4,sdifferent,64.71,7.53,27.76
26,2_7,1o,64.67,2.07,33.27
27,3_9,2o,64.63,1.96,33.42
28,3_8,1o,64.55,2.01,33.44
29,3_8,1o,64.46,2.04,33.5
30,2_7,ssame,64.4,2.11,33.49
31,2_8,1o,64.38,2.01,33.61
32,2_8,1o,64.3,2.05,33.65
33,2_9,1o,64.29,2.03,33.68
34,2_9,1o,64.21,2.07,33.72
35,3_8,ssame,64.2,2.1,33.7
36,2_6,2o,64.19,1.98,33.83
37,3_9,1o,64.17,2.02,33.81
38,3_9,1o,64.08,2.04,33.88
39,2_8,ssame,64.02,2.1,33.88
40,4_7,sdifferent,64.0,6.8,29.2
41,3_7,2o,63.97,1.95,34.08
42,2_9,ssame,63.93,2.12,33.95
43,3_9,ssame,63.81,2.11,34.09
44,2_6,1o,63.71,2.02,34.27
45,2_6,1o,63.63,2.07,34.3
46,3_7,1o,63.5,2.01,34.49
47,3_7,1o,63.41,2.04,34.55
48,2_6,ssame,63.33,2.11,34.56
49,3_4,sdifferent,63.28,7.41,29.31
50,2_5,2o,63.12,2.02,34.86
51,3_7,ssame,63.12,2.1,34.79
52,3_6,2o,62.95,1.96,35.09
53,4_6,sdifferent,62.78,6.73,30.49
54,2_5,1o,62.61,2.06,35.33
55,2_5,1o,62.55,2.1,35.35
56,3_6,1o,62.45,2.02,35.53
57,2_3,sdifferent,62.38,1.96,35.66
58,3_6,1o,62.37,2.04,35.59
59,2_5,ssame,62.21,2.14,35.64
60,3_6,ssame,62.05,2.1,35.85
61,3_5,2o,61.89,1.99,36.12
62,4_5,sdifferent,61.51,7.04,31.46
63,3_5,1o,61.36,2.06,36.59
64,3_5,1o,61.29,2.08,36.63
65,2_7,sdifferent,61.21,1.89,36.9
66,3_8,sdifferent,61.03,1.88,37.08
67,3_5,ssame,60.93,2.14,36.94
68,2_8,sdifferent,60.88,1.88,37.24
69,2_9,sdifferent,60.8,1.9,37.3
70,3_9,sdifferent,60.69,1.89,37.42
71,2_6,sdifferent,60.27,1.9,37.83
72,3_7,sdifferent,60.07,1.88,38.04
73,5_8,2o,59.37,1.92,38.71
74,2_5,sdifferent,59.28,1.93,38.79
75,3_6,sdifferent,59.13,1.89,38.98
76,5_9,2o,59.13,2.81,38.06
77,5_8,1o,58.72,2.0,39.28
78,5_8,1o,58.71,2.01,39.28
79,5_7,2o,58.56,1.92,39.52
80,5_9,1o,58.48,2.9,38.62
81,5_9,1o,58.47,2.89,38.63
82,5_8,ssame,58.19,2.09,39.72
83,3_5,sdifferent,58.14,1.92,39.93
84,5_6,2o,58.0,1.93,40.07
85,5_9,ssame,57.95,2.99,39.05
86,5_7,1o,57.9,2.0,40.1
87,5_7,1o,57.89,2.01,40.1
88,5_7,ssame,57.35,2.09,40.56
89,5_6,1o,57.32,2.01,40.67
90,5_6,1o,57.32,2.01,40.67
91,6_7,2o,57.19,1.88,40.93
92,6_8,2o,57.17,2.71,40.13
93,5_6,ssame,56.76,2.09,41.15
94,6_7,1o,56.49,1.97,41.55
95,6_7,1o,56.48,1.96,41.55
96,6_8,1o,56.47,2.8,40.74
97,6_8,1o,56.47,2.8,40.73
98,6_9,2o,56.42,3.27,40.31
99,6_7,ssame,55.9,2.05,42.06
100,6_8,ssame,55.89,2.89,41.22
101,6_9,1o,55.73,3.37,40.9
102,6_9,1o,55.71,3.37,40.92
103,5_8,sdifferent,55.71,1.87,42.42
104,5_9,sdifferent,55.48,2.69,41.83
105,6_9,ssame,55.14,3.47,41.39
106,5_7,sdifferent,54.97,1.88,43.16
107,7_8,2o,54.5,3.22,42.29
108,5_6,sdifferent,54.45,1.88,43.67
109,7_8,1o,53.76,3.31,42.93
110,7_8,1o,53.75,3.31,42.94
111,6_7,sdifferent,53.68,1.84,44.48
112,6_8,sdifferent,53.65,2.6,43.74
113,7_9,2o,53.49,3.54,42.97
114,7_8,ssame,53.13,3.41,43.47
115,6_9,sdifferent,52.96,3.13,43.92
116,7_9,1o,52.75,3.64,43.62
117,7_9,1o,52.73,3.63,43.64
118,7_9,ssame,52.11,3.73,44.16
119,7_8,sdifferent,51.17,3.07,45.75
120,7_9,sdifferent,50.23,3.37,46.4
121,8_9,2o,50.23,3.75,46.01
122,8_9,1o,49.43,3.86,46.71
123,8_9,1o,49.42,3.85,46.73
124,2_2,2o,48.98,1.81,49.21
125,8_9,ssame,48.74,3.95,47.31
126,2_2,1o,48.6,1.85,49.55
127,3_3,2o,48.17,1.49,50.34
128,3_3,1o,47.8,1.55,50.66
129,8_9,sdifferent,47.2,3.57,49.23
130,2_K,2o,44.58,0.75,54.67
131,2_Q,2o,44.24,0.99,54.77
132,3_K,2o,44.21,0.72,55.08
133,2_J,2o,43.9,1.38,54.72
134,3_Q,2o,43.86,0.96,55.18
135,2_K,1o,43.85,0.78,55.37
136,2_A,2o,43.74,0.53,55.74
137,3_J,2o,43.52,1.36,55.12
138,2_Q,1o,43.5,1.03,55.47
139,3_K,1o,43.49,0.77,55.74
140,3_A,2o,43.36,0.5,56.14
141,2_K,1o,43.19,0.83,55.98
142,2_J,1o,43.15,1.42,55.42
143,3_Q,1o,43.14,1.02,55.84
144,2_A,1o,42.98,0.56,56.45
145,2_Q,1o,42.85,1.07,56.07
146,3_K,1o,42.81,0.8,56.39
147,3_J,1o,42.79,1.41,55.8
148,3_A,1o,42.62,0.55,56.83
149,2_J,1o,42.52,1.47,56.01
150,3_Q,1o,42.48,1.04,56.48
151,2_A,1o,42.32,0.61,57.07
152,3_J,1o,42.14,1.44,56.42
153,2_K,sdifferent,41.99,0.74,57.27
154,3_A,1o,41.94,0.58,57.48
155,2_Q,sdifferent,41.69,0.97,57.34
156,3_K,sdifferent,41.66,0.73,57.6
157,2_J,sdifferent,41.39,1.34,57.27
158,3_Q,sdifferent,41.36,0.96,57.67
159,2_A,sdifferent,41.2,0.53,58.26
160,3_J,sdifferent,41.06,1.33,57.6
161,3_A,sdifferent,40.87,0.53,58.6
162,6_A,2o,40.83,0.43,58.74
163,8_K,2o,40.78,0.65,58.57
164,7_A,2o,40.59,0.41,59.0
165,7_K,2o,40.55,0.64,58.81
166,6_K,2o,40.55,0.64,58.81
167,5_K,2o,40.54,0.68,58.77
168,8_A,2o,40.53,0.41,59.05
169,7_Q,2o,40.49,0.89,58.62
170,9_A,2o,40.49,0.42,59.09
171,6_Q,2o,40.21,0.88,58.9
172,5_Q,2o,40.2,0.93,58.87
173,6_J,2o,40.15,1.29,58.56
174,6_A,1o,39.95,0.51,59.54
175,8_K,1o,39.9,0.73,59.37
176,5_A,2o,39.87,0.46,59.66
177,5_J,2o,39.86,1.32,58.82
178,7_A,1o,39.7,0.5,59.81
179,7_K,1o,39.67,0.72,59.61
180,6_K,1o,39.67,0.72,59.61
181,5_K,1o,39.66,0.76,59.58
182,8_A,1o,39.65,0.5,59.86
183,7_Q,1o,39.6,0.97,59.42
184,9_A,1o,39.6,0.5,59.89
185,9_K,2o,39.59,0.65,59.76
186,8_Q,2o,39.57,0.89,59.54
187,6_A,1o,39.36,0.51,60.13
188,6_Q,1o,39.32,0.96,59.72
189,8_K,1o,39.31,0.73,59.96
190,5_Q,1o,39.31,1.01,59.69
191,7_J,2o,39.27,1.29,59.44
192,6_J,1o,39.25,1.37,59.38
193,2_K,ssame,39.2,0.87,59.93
194,7_A,1o,39.11,0.5,60.4
195,7_K,1o,39.08,0.72,60.2
196,6_K,1o,39.08,0.72,60.2
197,5_K,1o,39.06,0.77,60.17
198,8_A,1o,39.06,0.49,60.45
199,7_Q,1o,39.03,0.97,60.0
200,9_A,1o,39.01,0.5,60.49
201,5_A,1o,38.97,0.54,60.48
202,5_J,1o,38.96,1.4,59.64
203,2_Q,ssame,38.86,1.11,60.02
204,3_K,ssame,38.83,0.86,60.31
205,6_Q,1o,38.74,0.97,60.29
206,5_Q,1o,38.73,1.01,60.26
207,6_J,1o,38.7,1.38,59.93
208,9_K,1o,38.67,0.73,60.59
209,8_Q,1o,38.65,0.97,60.38
210,2_J,ssame,38.52,1.51,59.97
211,3_Q,ssame,38.49,1.1,60.41
212,6_A,sdifferent,38.42,0.48,61.09
213,5_J,1o,38.4,1.41,60.19
214,8_K,sdifferent,38.38,0.69,60.93
215,5_A,1o,38.38,0.55,61.07
216,9_Q,2o,38.37,0.89,60.74
217,7_J,1o,38.35,1.37,60.27
218,8_J,2o,38.35,1.29,60.36
219,2_A,ssame,38.31,0.64,61.04
220,7_A,sdifferent,38.19,0.48,61.33
221,6_K,sdifferent,38.17,0.69,61.15
222,7_K,sdifferent,38.17,0.68,61.15
223,5_K,sdifferent,38.16,0.72,61.12
224,3_J,ssame,38.15,1.5,60.35
225,8_A,sdifferent,38.15,0.48,61.38
226,7_Q,sdifferent,38.12,0.92,60.95
227,9_A,sdifferent,38.1,0.48,61.41
228,9_K,1o,38.09,0.73,61.18
229,8_Q,1o,38.08,0.98,60.94
230,3_A,ssame,37.94,0.63,61.43
231,6_Q,sdifferent,37.87,0.92,61.22
232,5_Q,sdifferent,37.85,0.95,61.19
233,6_J,sdifferent,37.82,1.3,60.88
234,7_J,1o,37.8,1.38,60.83
235,5_J,sdifferent,37.55,1.32,61.12
236,5_A,sdifferent,37.53,0.52,61.95
237,9_Q,1o,37.42,0.98,61.6
238,8_J,1o,37.4,1.37,61.23
239,9_K,sdifferent,37.26,0.69,62.05
240,8_Q,sdifferent,37.26,0.92,61.82
241,9_J,2o,37.15,1.29,61.55
242,K_A,2o,37.1,0.44,62.46
243,7_J,sdifferent,37.0,1.3,61.7
244,9_Q,1o,36.86,0.98,62.17
245,8_J,1o,36.85,1.38,61.77
246,Q_A,2o,36.78,0.43,62.78
247,J_A,2o,36.47,0.42,63.11
248,9_J,1o,36.17,1.38,62.45
249,9_Q,sdifferent,36.14,0.92,62.94
250,8_J,sdifferent,36.13,1.3,62.57
251,Q_K,2o,36.05,0.66,63.29
252,J_K,2o,35.74,0.65,63.61
253,9_J,1o,35.63,1.38,62.99
254,K_A,1o,35.54,0.52,63.94
255,K_A,1o,35.54,0.52,63.94
256,Q_A,1o,35.23,0.51,64.25
257,6_A,ssame,35.22,0.59,64.19
258,Q_A,1o,35.22,0.51,64.27
259,8_K,ssame,35.17,0.81,64.02
260,9_J,sdifferent,35.02,1.3,63.68
261,7_A,ssame,34.96,0.58,64.46
262,J_A,1o,34.93,0.51,64.56
263,7_K,ssame,34.93,0.8,64.27
264,6_K,ssame,34.93,0.8,64.27
265,5_K,ssame,34.92,0.85,64.24
266,8_A,ssame,34.91,0.58,64.51
267,J_A,1o,34.9,0.5,64.59
268,7_Q,ssame,34.88,1.06,64.06
269,9_A,ssame,34.86,0.59,64.55
270,4_4,2o,34.82,3.23,61.94
271,K_A,sdifferent,34.8,0.5,64.71
272,J_Q,2o,34.7,0.9,64.4
273,6_Q,ssame,34.59,1.05,64.36
274,5_Q,ssame,34.58,1.09,64.33
275,6_J,ssame,34.54,1.46,64.0
276,Q_A,sdifferent,34.52,0.49,64.99
277,Q_K,1o,34.49,0.74,64.77
278,Q_K,1o,34.47,0.74,64.79
279,J_A,sdifferent,34.25,0.48,65.26
280,5_J,ssame,34.24,1.49,64.27
281,5_A,ssame,34.21,0.62,65.16
282,J_K,1o,34.18,0.73,65.08
283,J_K,1o,34.15,0.73,65.12
284,5_5,2o,34.04,1.19,64.78
285,9_K,ssame,33.91,0.81,65.28
286,8_Q,ssame,33.9,1.06,65.04
287,Q_K,sdifferent,33.84,0.7,65.46
288,7_J,ssame,33.62,1.46,64.93
289,J_K,sdifferent,33.57,0.69,65.73
290,6_6,2o,33.47,0.94,65.59
291,5_5,1o,33.46,1.27,65.27
292,J_Q,1o,33.12,0.98,65.9
293,J_Q,1o,33.1,0.98,65.92
294,2_T,2o,32.95,46.57,20.48
295,7_7,2o,32.92,0.76,66.32
296,6_6,1o,32.89,1.02,66.09
297,8_J,ssame,32.64,1.46,65.91
298,9_Q,ssame,32.64,1.06,66.3
299,J_Q,sdifferent,32.62,0.92,66.45
300,3_T,2o,32.54,46.78,20.68
301,8_8,2o,32.35,0.62,67.02
302,7_7,1o,32.33,0.85,66.82
303,2_T,1o,31.93,47.28,20.8
304,8_8,1o,31.76,0.71,67.53
305,9_9,2o,31.54,0.52,67.95
306,3_T,1o,31.52,47.5,20.97
307,9_J,ssame,31.38,1.46,67.17
308,2_T,sdifferent,31.28,43.71,25.01
309,K_A,ssame,31.18,0.6,68.22
310,9_9,1o,30.93,0.6,68.47
311,3_T,sdifferent,30.92,43.91,25.17
312,Q_A,ssame,30.87,0.6,68.53
313,J_A,ssame,30.56,0.59,68.85
314,Q_K,ssame,30.1,0.82,69.08
315,J_K,ssame,29.8,0.81,69.39
316,4_A,2o,28.84,2.34,68.82
317,4_K,2o,28.74,3.5,67.76
318,J_Q,ssame,28.72,1.06,70.22
319,4_Q,2o,28.35,4.53,67.12
320,4_J,2o,27.97,5.85,66.18
321,T_K,2o,27.7,3.38,68.92
322,T_A,2o,27.6,2.4,70.0
323,T_Q,2o,27.42,4.31,68.27
324,4_A,sdifferent,27.26,2.28,70.46
325,4_K,sdifferent,27.18,3.39,69.44
326,T_J,2o,27.13,5.2,67.67
327,4_A,1o,27.09,2.48,70.43
328,8_T,2o,27.03,19.54,53.43
329,4_K,1o,27.0,3.63,69.36
330,7_T,2o,26.99,25.76,47.25
331,6_T,2o,26.89,33.49,39.62
332,4_Q,sdifferent,26.84,4.38,68.78
333,9_T,2o,26.77,14.7,58.53
334,5_T,2o,26.73,41.84,31.43
335,4_Q,1o,26.63,4.67,68.7
336,4_J,sdifferent,26.5,5.66,67.83
337,4_J,1o,26.25,6.02,67.73
338,T_K,sdifferent,26.16,3.32,70.52
339,T_A,sdifferent,26.08,2.35,71.57
340,T_K,1o,25.91,3.55,70.54
341,T_Q,sdifferent,25.9,4.24,69.86
342,T_A,1o,25.83,2.54,71.63
343,8_T,1o,25.71,19.9,54.39
344,7_T,1o,25.68,26.21,48.12
345,T_J,sdifferent,25.64,5.12,69.24
346,T_Q,1o,25.62,4.51,69.87
347,6_T,1o,25.6,34.04,40.37
348,8_T,sdifferent,25.56,18.55,55.88
349,7_T,sdifferent,25.53,24.37,50.1
350,5_T,1o,25.46,42.5,32.04
351,6_T,sdifferent,25.45,31.57,42.97
352,9_T,1o,25.42,15.01,59.57
353,5_T,sdifferent,25.33,39.33,35.34
354,T_J,1o,25.33,5.42,69.25
355,9_T,sdifferent,25.3,14.02,60.68
356,K_K,2o,17.5,0.38,82.12
357,A_A,2o,17.5,0.36,82.14
358,Q_Q,2o,17.22,0.37,82.41
359,J_J,2o,16.95,0.39,82.66
360,A_A,1o,16.19,0.45,83.36
361,K_K,1o,16.19,0.46,83.35
362,Q_Q,1o,15.93,0.45,83.62
363,J_J,1o,15.66,0.47,83.87
364,T_T,2o,10.91,3.11,85.99
365,4_T,2o,7.16,90.68,2.16
366,4_T,sdifferent,7.16,85.68,7.16
