,vs_Hand,type,Equity_%,Draws_%,Loses_%
0,5_T,2o,72.06,5.85,22.1
1,5_T,1o,71.59,6.01,22.4
2,5_9,2o,70.73,5.7,23.57
3,5_9,1o,70.23,5.88,23.89
4,2_5,2o,70.2,6.33,23.46
5,2_5,1o,69.68,6.5,23.82
6,5_8,2o,69.36,5.6,25.04
7,5_8,1o,68.82,5.8,25.38
8,3_5,2o,68.66,6.18,25.16
9,3_5,1o,68.11,6.38,25.51
10,5_7,2o,68.05,5.51,26.45
11,5_T,sdifferent,67.83,5.66,26.5
12,5_7,1o,67.47,5.72,26.81
13,4_5,2o,67.13,6.03,26.84
14,5_6,2o,67.05,5.41,27.53
15,2_3,2o,66.95,1.45,31.6
16,2_4,2o,66.78,1.43,31.79
17,5_9,sdifferent,66.59,5.54,27.87
18,4_5,1o,66.54,6.26,27.2
19,2_3,1o,66.53,1.51,31.96
20,2_3,1o,66.51,1.49,32.0
21,5_6,1o,66.45,5.64,27.91
22,2_4,1o,66.37,1.5,32.12
23,2_4,1o,66.35,1.47,32.19
24,2_3,ssame,66.26,1.55,32.19
25,2_5,sdifferent,66.12,6.12,27.77
26,2_4,ssame,66.11,1.54,32.35
27,2_7,2o,65.85,1.38,32.77
28,3_8,2o,65.64,1.35,33.01
29,4_9,2o,65.45,1.32,33.22
30,2_8,2o,65.44,1.37,33.19
31,2_9,2o,65.42,1.37,33.22
32,2_7,1o,65.4,1.42,33.18
33,3_4,2o,65.37,1.4,33.22
34,2_T,2o,65.34,1.39,33.28
35,2_7,1o,65.32,1.46,33.22
36,5_8,sdifferent,65.31,5.47,29.23
37,3_9,2o,65.29,1.34,33.38
38,3_T,2o,65.21,1.36,33.44
39,3_8,1o,65.2,1.41,33.4
40,2_6,2o,65.11,1.38,33.5
41,3_8,1o,65.1,1.43,33.46
42,4_T,2o,65.08,1.33,33.59
43,2_7,ssame,65.06,1.5,33.44
44,4_9,1o,65.02,1.39,33.59
45,2_8,1o,64.98,1.41,33.61
46,2_9,1o,64.96,1.4,33.64
47,3_4,1o,64.93,1.47,33.6
48,4_9,1o,64.91,1.41,33.68
49,3_4,1o,64.91,1.46,33.63
50,2_8,1o,64.9,1.45,33.65
51,2_T,1o,64.88,1.42,33.7
52,2_9,1o,64.87,1.45,33.68
53,3_8,ssame,64.85,1.49,33.66
54,3_9,1o,64.84,1.39,33.77
55,2_T,1o,64.79,1.47,33.73
56,3_T,1o,64.75,1.41,33.83
57,3_9,1o,64.74,1.42,33.84
58,3_5,sdifferent,64.68,6.01,29.31
59,4_9,ssame,64.66,1.48,33.86
60,3_T,1o,64.66,1.44,33.9
61,2_6,1o,64.64,1.42,33.94
62,4_T,1o,64.64,1.4,33.96
63,3_4,ssame,64.63,1.53,33.84
64,2_8,ssame,64.63,1.49,33.88
65,3_7,2o,64.62,1.35,34.03
66,2_9,ssame,64.6,1.49,33.91
67,2_6,1o,64.57,1.47,33.96
68,4_T,1o,64.53,1.42,34.05
69,2_T,ssame,64.52,1.51,33.97
70,3_9,ssame,64.47,1.48,34.04
71,4_8,2o,64.41,1.33,34.26
72,3_T,ssame,64.39,1.5,34.11
73,2_6,ssame,64.28,1.5,34.22
74,4_T,ssame,64.27,1.49,34.24
75,3_7,1o,64.15,1.41,34.44
76,5_7,sdifferent,64.08,5.39,30.53
77,3_7,1o,64.06,1.44,34.5
78,4_8,1o,63.95,1.4,34.65
79,3_6,2o,63.88,1.36,34.76
80,4_8,1o,63.85,1.41,34.74
81,3_7,ssame,63.77,1.49,34.73
82,4_8,ssame,63.57,1.48,34.95
83,4_7,2o,63.39,1.33,35.28
84,3_6,1o,63.39,1.41,35.2
85,3_6,1o,63.31,1.44,35.25
86,4_5,sdifferent,63.25,5.89,30.85
87,5_6,sdifferent,63.15,5.31,31.54
88,3_6,ssame,62.99,1.5,35.51
89,2_3,sdifferent,62.94,1.4,35.66
90,4_7,1o,62.91,1.4,35.69
91,4_7,1o,62.81,1.42,35.78
92,2_4,sdifferent,62.8,1.38,35.82
93,4_6,2o,62.65,1.34,36.01
94,4_7,ssame,62.5,1.48,36.02
95,4_6,1o,62.14,1.41,36.45
96,4_6,1o,62.06,1.42,36.52
97,2_7,sdifferent,61.82,1.33,36.85
98,4_6,ssame,61.72,1.49,36.8
99,3_8,sdifferent,61.63,1.32,37.05
100,3_4,sdifferent,61.49,1.37,37.14
101,4_9,sdifferent,61.46,1.31,37.22
102,2_8,sdifferent,61.44,1.32,37.24
103,2_9,sdifferent,61.41,1.32,37.26
104,2_T,sdifferent,61.34,1.34,37.32
105,3_9,sdifferent,61.3,1.32,37.38
106,3_T,sdifferent,61.23,1.33,37.44
107,2_6,sdifferent,61.13,1.34,37.53
108,4_T,sdifferent,61.12,1.32,37.55
109,3_7,sdifferent,60.68,1.33,37.99
110,4_8,sdifferent,60.5,1.32,38.19
111,3_6,sdifferent,59.99,1.33,38.68
112,6_9,2o,59.91,1.27,38.82
113,4_7,sdifferent,59.55,1.32,39.13
114,6_9,1o,59.26,1.35,39.39
115,6_9,1o,59.26,1.36,39.38
116,6_8,2o,59.1,1.28,39.62
117,4_6,sdifferent,58.86,1.32,39.82
118,6_9,ssame,58.73,1.44,39.83
119,6_7,2o,58.53,1.28,40.19
120,6_8,1o,58.43,1.36,40.21
121,6_8,1o,58.43,1.36,40.21
122,6_T,2o,58.26,3.58,38.16
123,6_8,ssame,57.88,1.44,40.68
124,6_7,1o,57.85,1.36,40.79
125,6_7,1o,57.85,1.36,40.79
126,7_8,2o,57.73,1.28,40.99
127,6_T,1o,57.6,3.68,38.71
128,6_T,1o,57.59,3.68,38.73
129,6_7,ssame,57.29,1.44,41.27
130,6_T,ssame,57.06,3.79,39.16
131,7_8,1o,57.03,1.36,41.61
132,7_8,1o,57.03,1.36,41.61
133,7_8,ssame,56.44,1.44,42.12
134,7_9,2o,56.33,3.48,40.18
135,6_9,sdifferent,56.21,1.28,42.51
136,7_9,1o,55.63,3.59,40.79
137,7_9,1o,55.62,3.58,40.79
138,6_8,sdifferent,55.46,1.28,43.26
139,7_T,2o,55.21,3.06,41.74
140,7_9,ssame,55.04,3.69,41.28
141,6_7,sdifferent,54.94,1.28,43.78
142,6_T,sdifferent,54.68,3.41,41.92
143,7_T,1o,54.5,3.16,42.35
144,7_T,1o,54.48,3.15,42.37
145,7_8,sdifferent,54.18,1.28,44.54
146,7_T,ssame,53.9,3.25,42.85
147,8_9,2o,53.28,3.0,43.71
148,7_9,sdifferent,52.89,3.32,43.8
149,8_9,1o,52.53,3.1,44.37
150,8_9,1o,52.52,3.1,44.38
151,8_T,2o,52.19,3.03,44.79
152,8_9,ssame,51.88,3.19,44.92
153,7_T,sdifferent,51.84,2.93,45.24
154,8_T,1o,51.43,3.13,45.44
155,8_T,1o,51.41,3.13,45.46
156,8_T,ssame,50.77,3.23,46.0
157,8_9,sdifferent,50.05,2.87,47.07
158,2_2,2o,49.28,1.5,49.21
159,8_T,sdifferent,49.03,2.9,48.07
160,9_T,2o,48.94,3.1,47.97
161,2_2,1o,48.9,1.54,49.55
162,3_3,2o,48.41,1.24,50.34
163,9_T,1o,48.13,3.2,48.68
164,9_T,1o,48.11,3.19,48.7
165,3_3,1o,48.04,1.3,50.66
166,4_4,2o,47.58,1.02,51.39
167,9_T,ssame,47.41,3.29,49.29
168,4_4,1o,47.22,1.09,51.69
169,9_T,sdifferent,46.01,2.96,51.03
170,2_K,2o,44.64,0.74,54.62
171,2_Q,2o,44.3,1.82,53.89
172,3_K,2o,44.27,0.71,55.02
173,3_Q,2o,43.92,1.83,54.25
174,2_K,1o,43.91,0.78,55.31
175,4_K,2o,43.89,0.69,55.42
176,2_A,2o,43.79,0.52,55.68
177,2_Q,1o,43.56,1.86,54.58
178,3_K,1o,43.55,0.77,55.68
179,4_Q,2o,43.55,1.81,54.64
180,3_A,2o,43.42,0.49,56.09
181,2_K,1o,43.25,0.83,55.93
182,3_Q,1o,43.2,1.89,54.91
183,4_K,1o,43.18,0.76,56.06
184,4_A,2o,43.05,0.47,56.48
185,2_A,1o,43.04,0.56,56.4
186,2_Q,1o,42.91,1.91,55.18
187,3_K,1o,42.87,0.8,56.34
188,4_Q,1o,42.83,1.88,55.28
189,3_A,1o,42.68,0.55,56.77
190,3_Q,1o,42.53,1.92,55.55
191,4_K,1o,42.49,0.77,56.74
192,2_A,1o,42.38,0.61,57.01
193,4_A,1o,42.31,0.54,57.15
194,4_Q,1o,42.15,1.9,55.95
195,2_K,sdifferent,42.05,0.74,57.21
196,3_A,1o,42.0,0.58,57.42
197,2_Q,sdifferent,41.75,1.74,56.52
198,3_K,sdifferent,41.72,0.73,57.55
199,4_A,1o,41.62,0.55,57.82
200,3_Q,sdifferent,41.42,1.77,56.82
201,4_K,sdifferent,41.39,0.72,57.89
202,2_A,sdifferent,41.26,0.53,58.21
203,4_Q,sdifferent,41.09,1.76,57.16
204,6_A,2o,40.93,0.42,58.65
205,3_A,sdifferent,40.93,0.52,58.55
206,8_K,2o,40.89,0.64,58.47
207,9_A,2o,40.87,0.42,58.71
208,6_K,2o,40.65,0.64,58.71
209,7_A,2o,40.64,0.41,58.95
210,8_A,2o,40.64,0.41,58.95
211,7_K,2o,40.61,0.64,58.76
212,4_A,sdifferent,40.6,0.52,58.89
213,7_Q,2o,40.54,0.89,58.57
214,6_Q,2o,40.3,0.88,58.81
215,6_A,1o,40.05,0.51,59.45
216,8_K,1o,40.0,0.73,59.27
217,9_A,1o,39.98,0.5,59.51
218,9_K,2o,39.96,0.65,59.39
219,6_K,1o,39.76,0.72,59.52
220,8_A,1o,39.75,0.49,59.76
221,7_A,1o,39.75,0.5,59.75
222,7_K,1o,39.72,0.72,59.56
223,8_Q,2o,39.67,0.89,59.44
224,7_Q,1o,39.66,0.97,59.37
225,6_A,1o,39.46,0.51,60.04
226,6_Q,1o,39.41,0.96,59.62
227,8_K,1o,39.41,0.73,59.86
228,9_A,1o,39.39,0.5,60.1
229,T_A,2o,39.34,0.42,60.24
230,2_K,ssame,39.26,0.87,59.87
231,6_K,1o,39.17,0.72,60.11
232,7_A,1o,39.16,0.49,60.35
233,8_A,1o,39.16,0.49,60.35
234,7_K,1o,39.13,0.72,60.15
235,7_Q,1o,39.08,0.97,59.95
236,9_K,1o,39.05,0.73,60.22
237,2_Q,ssame,38.92,1.96,59.12
238,3_K,ssame,38.89,0.86,60.26
239,6_Q,1o,38.84,0.97,60.2
240,8_Q,1o,38.75,0.97,60.27
241,9_Q,2o,38.74,0.89,60.37
242,3_Q,ssame,38.55,1.99,59.47
243,4_K,ssame,38.52,0.84,60.64
244,6_A,sdifferent,38.51,0.48,61.01
245,8_K,sdifferent,38.47,0.69,60.84
246,9_K,1o,38.47,0.73,60.81
247,9_A,sdifferent,38.45,0.48,61.07
248,T_K,2o,38.43,0.65,60.92
249,T_A,1o,38.42,0.5,61.08
250,2_A,ssame,38.37,0.64,60.99
251,6_K,sdifferent,38.25,0.68,61.07
252,8_A,sdifferent,38.24,0.47,61.28
253,7_A,sdifferent,38.24,0.47,61.28
254,7_K,sdifferent,38.21,0.68,61.1
255,8_Q,1o,38.18,0.97,60.84
256,4_Q,ssame,38.17,1.98,59.85
257,7_Q,sdifferent,38.17,0.92,60.91
258,2_J,2o,38.15,41.37,20.48
259,3_J,2o,38.05,41.26,20.68
260,3_A,ssame,38.0,0.63,61.37
261,6_Q,sdifferent,37.95,0.91,61.14
262,T_A,1o,37.83,0.5,61.67
263,9_Q,1o,37.8,0.98,61.22
264,4_J,2o,37.68,41.44,20.87
265,4_A,ssame,37.62,0.62,61.75
266,9_K,sdifferent,37.6,0.69,61.71
267,T_K,1o,37.49,0.73,61.78
268,8_Q,sdifferent,37.35,0.92,61.73
269,9_Q,1o,37.24,0.98,61.79
270,2_J,1o,37.21,41.99,20.8
271,T_Q,2o,37.21,0.89,61.89
272,3_J,1o,37.13,41.89,20.97
273,K_A,2o,37.13,0.44,62.42
274,T_A,sdifferent,37.03,0.48,62.49
275,T_K,1o,36.9,0.73,62.37
276,Q_A,2o,36.82,0.43,62.75
277,4_J,1o,36.77,42.08,21.14
278,9_Q,sdifferent,36.48,0.92,62.59
279,T_Q,1o,36.24,0.98,62.79
280,T_K,sdifferent,36.18,0.69,63.13
281,2_J,sdifferent,36.12,38.87,25.01
282,Q_K,2o,36.09,0.66,63.25
283,3_J,sdifferent,36.05,38.78,25.17
284,4_J,sdifferent,35.72,38.95,25.33
285,T_Q,1o,35.67,0.98,63.35
286,K_A,1o,35.57,0.52,63.9
287,K_A,1o,35.57,0.52,63.9
288,6_A,ssame,35.32,0.59,64.1
289,Q_A,1o,35.27,0.51,64.21
290,8_K,ssame,35.27,0.81,63.92
291,Q_A,1o,35.26,0.51,64.23
292,9_A,ssame,35.25,0.59,64.16
293,T_Q,sdifferent,35.06,0.92,64.01
294,6_K,ssame,35.02,0.8,64.18
295,7_A,ssame,35.01,0.58,64.41
296,8_A,ssame,35.01,0.58,64.41
297,7_K,ssame,34.98,0.8,64.22
298,7_Q,ssame,34.93,1.06,64.01
299,K_A,sdifferent,34.83,0.5,64.67
300,6_Q,ssame,34.68,1.05,64.27
301,Q_A,sdifferent,34.56,0.49,64.95
302,Q_K,1o,34.53,0.74,64.74
303,Q_K,1o,34.51,0.74,64.75
304,9_K,ssame,34.29,0.81,64.9
305,5_5,2o,34.26,3.19,62.55
306,8_Q,ssame,34.01,1.06,64.94
307,6_6,2o,33.91,0.8,65.3
308,Q_K,sdifferent,33.88,0.7,65.42
309,T_A,ssame,33.65,0.59,65.77
310,6_6,1o,33.33,0.88,65.79
311,7_7,2o,33.31,0.66,66.02
312,9_Q,ssame,33.03,1.06,65.91
313,8_8,2o,32.77,0.55,66.68
314,7_7,1o,32.73,0.75,66.52
315,T_K,ssame,32.69,0.81,66.5
316,9_9,2o,32.22,0.47,67.31
317,8_8,1o,32.18,0.64,67.18
318,9_9,1o,31.62,0.55,67.83
319,T_Q,ssame,31.42,1.06,67.52
320,T_T,2o,31.35,0.41,68.23
321,K_A,ssame,31.22,0.6,68.18
322,Q_A,ssame,30.91,0.59,68.49
323,T_T,1o,30.75,0.49,68.76
324,Q_K,ssame,30.14,0.82,69.04
325,5_A,2o,28.45,2.74,68.81
326,5_K,2o,28.35,3.9,67.76
327,J_K,2o,28.22,2.97,68.81
328,J_A,2o,28.12,1.99,69.88
329,5_Q,2o,27.96,4.92,67.12
330,J_Q,2o,27.94,3.89,68.17
331,9_J,2o,27.56,14.34,58.1
332,8_J,2o,27.51,19.32,53.17
333,7_J,2o,27.41,26.03,46.55
334,6_J,2o,27.31,34.42,38.27
335,T_J,2o,27.25,10.37,62.38
336,5_A,sdifferent,26.9,2.65,70.45
337,5_K,sdifferent,26.82,3.76,69.42
338,5_A,1o,26.69,2.89,70.43
339,J_K,sdifferent,26.65,2.94,70.41
340,5_K,1o,26.6,4.04,69.36
341,J_A,sdifferent,26.57,1.97,71.46
342,5_Q,sdifferent,26.48,4.75,68.77
343,J_K,1o,26.45,3.13,70.42
344,J_Q,sdifferent,26.39,3.85,69.76
345,J_A,1o,26.36,2.12,71.52
346,9_J,1o,26.25,14.63,59.13
347,5_Q,1o,26.23,5.08,68.69
348,8_J,1o,26.21,19.66,54.13
349,J_Q,1o,26.15,4.08,69.77
350,7_J,1o,26.13,26.46,47.41
351,9_J,sdifferent,26.05,13.67,60.28
352,6_J,1o,26.05,34.96,38.99
353,8_J,sdifferent,26.02,18.34,55.64
354,7_J,sdifferent,25.94,24.61,49.45
355,T_J,1o,25.91,10.63,63.46
356,6_J,sdifferent,25.86,32.42,41.72
357,T_J,sdifferent,25.76,9.95,64.29
358,K_K,2o,17.5,0.38,82.12
359,A_A,2o,17.5,0.36,82.14
360,Q_Q,2o,17.22,0.37,82.4
361,K_K,1o,16.2,0.46,83.34
362,A_A,1o,16.2,0.45,83.36
363,Q_Q,1o,15.93,0.45,83.62
364,J_J,2o,11.31,2.45,86.24
365,5_J,sdifferent,7.16,85.68,7.16
366,5_J,2o,7.16,90.68,2.17
