,vs_Hand,type,Equity_%,Draws_%,Loses_%
0,6_K,2o,75.16,2.81,22.03
1,2_6,2o,75.12,2.85,22.03
2,6_Q,2o,74.81,2.8,22.39
3,6_J,2o,74.81,2.4,22.79
4,6_K,1o,74.68,2.94,22.38
5,2_6,1o,74.66,2.95,22.39
6,6_J,1o,74.32,2.52,23.17
7,6_Q,1o,74.31,2.93,22.76
8,3_6,2o,73.56,2.72,23.72
9,6_T,2o,73.38,2.29,24.33
10,3_6,1o,73.06,2.85,24.08
11,6_T,1o,72.86,2.43,24.71
12,6_9,2o,72.43,2.19,25.38
13,4_6,2o,72.0,2.59,25.41
14,6_9,1o,71.88,2.35,25.78
15,4_6,1o,71.47,2.76,25.77
16,6_8,2o,71.01,2.08,26.91
17,2_6,sdifferent,70.82,2.72,26.46
18,6_K,sdifferent,70.8,2.71,26.49
19,6_J,sdifferent,70.48,2.33,27.19
20,6_Q,sdifferent,70.47,2.7,26.83
21,6_8,1o,70.44,2.26,27.31
22,5_6,2o,70.44,2.48,27.08
23,6_7,2o,69.95,1.99,28.06
24,5_6,1o,69.89,2.66,27.45
25,6_7,1o,69.37,2.18,28.46
26,3_6,sdifferent,69.36,2.63,28.01
27,6_T,sdifferent,69.16,2.24,28.6
28,6_9,sdifferent,68.25,2.17,29.58
29,4_6,sdifferent,67.91,2.54,29.55
30,2_3,2o,67.39,0.59,32.03
31,2_4,2o,67.18,0.56,32.25
32,2_5,2o,67.03,0.55,32.43
33,6_8,sdifferent,66.94,2.08,30.97
34,2_3,1o,66.94,0.64,32.41
35,2_3,1o,66.93,0.62,32.45
36,2_4,1o,66.75,0.63,32.62
37,2_4,1o,66.72,0.6,32.68
38,2_3,ssame,66.66,0.68,32.66
39,2_5,1o,66.6,0.62,32.78
40,2_5,1o,66.56,0.58,32.86
41,5_6,sdifferent,66.46,2.46,31.08
42,2_4,ssame,66.46,0.67,32.87
43,2_5,ssame,66.31,0.66,33.03
44,2_7,2o,66.3,0.49,33.21
45,2_K,2o,66.13,0.51,33.36
46,6_7,sdifferent,65.96,2.01,32.03
47,3_K,2o,65.96,0.48,33.56
48,3_8,2o,65.88,0.46,33.67
49,4_K,2o,65.83,0.46,33.71
50,2_Q,2o,65.82,0.5,33.69
51,2_7,1o,65.82,0.53,33.65
52,4_9,2o,65.81,0.44,33.74
53,2_9,2o,65.78,0.49,33.73
54,2_7,1o,65.75,0.58,33.67
55,3_4,2o,65.74,0.54,33.72
56,2_8,2o,65.72,0.48,33.8
57,5_K,2o,65.71,0.44,33.85
58,2_K,1o,65.65,0.55,33.8
59,3_Q,2o,65.64,0.47,33.89
60,3_9,2o,65.61,0.46,33.94
61,3_5,2o,65.59,0.52,33.89
62,2_K,1o,65.53,0.59,33.88
63,4_Q,2o,65.52,0.44,34.04
64,3_K,1o,65.49,0.54,33.97
65,2_7,ssame,65.46,0.61,33.92
66,2_J,2o,65.42,0.5,34.09
67,3_8,1o,65.4,0.51,34.08
68,5_Q,2o,65.4,0.43,34.18
69,2_T,2o,65.38,0.49,34.13
70,4_K,1o,65.37,0.53,34.1
71,3_K,1o,65.36,0.56,34.08
72,4_9,1o,65.35,0.51,34.14
73,2_Q,1o,65.33,0.53,34.13
74,3_8,1o,65.3,0.55,34.15
75,2_9,1o,65.29,0.52,34.18
76,3_4,1o,65.27,0.61,34.12
77,5_T,2o,65.26,0.42,34.32
78,5_K,1o,65.26,0.52,34.22
79,2_K,ssame,65.25,0.63,34.13
80,3_4,1o,65.25,0.59,34.15
81,3_J,2o,65.24,0.47,34.29
82,2_8,1o,65.23,0.51,34.26
83,4_K,1o,65.23,0.54,34.23
84,4_9,1o,65.22,0.53,34.25
85,2_Q,1o,65.21,0.58,34.21
86,3_T,2o,65.21,0.46,34.34
87,2_9,1o,65.19,0.57,34.24
88,3_Q,1o,65.17,0.52,34.31
89,2_8,1o,65.14,0.56,34.3
90,3_9,1o,65.13,0.51,34.36
91,4_J,2o,65.12,0.44,34.44
92,3_5,1o,65.12,0.6,34.28
93,5_K,1o,65.11,0.52,34.37
94,3_5,1o,65.09,0.58,34.33
95,3_K,ssame,65.08,0.62,34.31
96,4_T,2o,65.08,0.43,34.48
97,4_Q,1o,65.05,0.51,34.44
98,3_7,2o,65.04,0.46,34.5
99,3_Q,1o,65.03,0.55,34.42
100,3_8,ssame,65.02,0.6,34.38
101,3_9,1o,65.01,0.54,34.45
102,5_J,2o,65.0,0.42,34.58
103,4_K,ssame,64.96,0.61,34.43
104,4_9,ssame,64.95,0.6,34.45
105,3_4,ssame,64.95,0.66,34.39
106,5_Q,1o,64.94,0.5,34.56
107,2_J,1o,64.92,0.53,34.54
108,2_Q,ssame,64.92,0.62,34.47
109,4_Q,1o,64.9,0.53,34.57
110,2_9,ssame,64.89,0.61,34.5
111,2_T,1o,64.89,0.52,34.59
112,2_8,ssame,64.84,0.6,34.56
113,5_K,ssame,64.84,0.6,34.56
114,3_5,ssame,64.8,0.65,34.55
115,5_T,1o,64.8,0.5,34.7
116,2_J,1o,64.8,0.58,34.62
117,2_T,1o,64.78,0.57,34.65
118,5_Q,1o,64.78,0.51,34.71
119,3_J,1o,64.76,0.52,34.72
120,3_Q,ssame,64.75,0.61,34.65
121,3_T,1o,64.72,0.51,34.76
122,3_9,ssame,64.72,0.6,34.68
123,4_8,2o,64.65,0.44,34.91
124,5_T,1o,64.65,0.51,34.84
125,4_J,1o,64.64,0.51,34.85
126,4_Q,ssame,64.63,0.6,34.77
127,3_J,1o,64.62,0.55,34.83
128,4_T,1o,64.61,0.5,34.89
129,3_T,1o,64.6,0.54,34.85
130,5_9,2o,64.59,0.43,34.98
131,3_7,1o,64.54,0.52,34.94
132,5_J,1o,64.53,0.5,34.97
133,5_Q,ssame,64.52,0.59,34.9
134,2_J,ssame,64.5,0.62,34.89
135,4_J,1o,64.49,0.53,34.98
136,2_T,ssame,64.48,0.61,34.91
137,4_T,1o,64.47,0.52,35.01
138,3_7,1o,64.46,0.55,34.99
139,5_T,ssame,64.38,0.59,35.03
140,5_J,1o,64.37,0.51,35.12
141,3_J,ssame,64.33,0.61,35.06
142,3_T,ssame,64.31,0.6,35.09
143,4_J,ssame,64.21,0.6,35.19
144,4_T,ssame,64.19,0.59,35.22
145,4_5,2o,64.18,0.5,35.32
146,4_8,1o,64.16,0.5,35.34
147,3_7,ssame,64.15,0.6,35.25
148,5_9,1o,64.11,0.5,35.38
149,5_J,ssame,64.1,0.59,35.32
150,4_8,1o,64.05,0.52,35.43
151,5_9,1o,63.97,0.51,35.51
152,4_7,2o,63.81,0.44,35.75
153,4_8,ssame,63.74,0.59,35.67
154,4_5,1o,63.68,0.58,35.74
155,5_9,ssame,63.68,0.59,35.73
156,4_5,1o,63.67,0.57,35.76
157,5_8,2o,63.43,0.42,36.15
158,4_5,ssame,63.33,0.64,36.03
159,2_3,sdifferent,63.33,0.59,36.08
160,4_7,1o,63.29,0.51,36.2
161,4_7,1o,63.21,0.53,36.26
162,2_4,sdifferent,63.15,0.57,36.27
163,2_5,sdifferent,63.02,0.56,36.43
164,5_8,1o,62.92,0.5,36.58
165,4_7,ssame,62.87,0.6,36.54
166,5_8,1o,62.8,0.51,36.69
167,5_7,2o,62.59,0.43,36.98
168,5_8,ssame,62.47,0.58,36.95
169,7_Q,2o,62.37,0.38,37.26
170,2_7,sdifferent,62.22,0.51,37.27
171,5_7,1o,62.05,0.5,37.44
172,2_K,sdifferent,62.03,0.52,37.46
173,5_7,1o,61.96,0.51,37.52
174,3_K,sdifferent,61.88,0.51,37.61
175,3_8,sdifferent,61.83,0.49,37.68
176,3_4,sdifferent,61.82,0.56,37.62
177,4_K,sdifferent,61.77,0.5,37.73
178,4_9,sdifferent,61.76,0.49,37.74
179,7_Q,1o,61.74,0.46,37.8
180,2_Q,sdifferent,61.74,0.51,37.76
181,2_9,sdifferent,61.71,0.5,37.78
182,7_Q,1o,61.69,0.46,37.85
183,3_5,sdifferent,61.68,0.55,37.77
184,2_8,sdifferent,61.67,0.5,37.83
185,5_K,sdifferent,61.67,0.49,37.84
186,5_7,ssame,61.6,0.59,37.82
187,3_Q,sdifferent,61.59,0.5,37.91
188,3_9,sdifferent,61.56,0.49,37.94
189,4_Q,sdifferent,61.48,0.49,38.03
190,5_Q,sdifferent,61.38,0.48,38.14
191,2_J,sdifferent,61.37,0.51,38.12
192,2_T,sdifferent,61.35,0.5,38.15
193,5_T,sdifferent,61.26,0.48,38.26
194,7_Q,ssame,61.25,0.54,38.21
195,3_J,sdifferent,61.22,0.5,38.28
196,3_T,sdifferent,61.2,0.49,38.31
197,4_J,sdifferent,61.11,0.49,38.4
198,4_T,sdifferent,61.09,0.48,38.42
199,3_7,sdifferent,61.05,0.5,38.45
200,5_J,sdifferent,61.01,0.48,38.51
201,7_J,2o,60.82,0.38,38.8
202,4_8,sdifferent,60.69,0.49,38.82
203,5_9,sdifferent,60.64,0.49,38.88
204,4_5,sdifferent,60.38,0.54,39.08
205,7_J,1o,60.15,0.46,39.39
206,7_J,1o,60.11,0.46,39.43
207,7_T,2o,60.07,0.37,39.56
208,4_7,sdifferent,59.92,0.49,39.59
209,8_J,2o,59.65,0.38,39.97
210,7_J,ssame,59.58,0.54,39.88
211,7_9,2o,59.58,0.37,40.05
212,5_8,sdifferent,59.57,0.48,39.95
213,7_T,1o,59.39,0.45,40.15
214,7_T,1o,59.36,0.46,40.19
215,8_J,1o,58.94,0.46,40.6
216,8_J,1o,58.92,0.46,40.62
217,8_T,2o,58.9,0.37,40.73
218,7_9,1o,58.9,0.46,40.65
219,7_9,1o,58.86,0.46,40.68
220,7_T,ssame,58.82,0.54,40.65
221,5_7,sdifferent,58.8,0.49,40.72
222,7_8,2o,58.59,0.37,41.04
223,7_Q,sdifferent,58.44,0.44,41.12
224,8_9,2o,58.41,0.37,41.22
225,7_9,ssame,58.31,0.54,41.16
226,8_J,ssame,58.3,0.54,41.16
227,7_K,2o,58.19,4.56,37.26
228,8_T,1o,58.18,0.45,41.36
229,8_T,1o,58.17,0.45,41.38
230,7_8,1o,57.89,0.45,41.66
231,7_8,1o,57.87,0.45,41.68
232,9_T,2o,57.72,0.38,41.9
233,8_9,1o,57.69,0.46,41.85
234,8_9,1o,57.67,0.46,41.87
235,8_T,ssame,57.54,0.54,41.92
236,7_K,1o,57.52,4.68,37.8
237,7_K,1o,57.47,4.67,37.85
238,7_8,ssame,57.29,0.53,42.18
239,8_Q,2o,57.14,4.43,38.43
240,8_9,ssame,57.03,0.54,42.43
241,7_K,ssame,57.0,4.79,38.21
242,7_J,sdifferent,57.0,0.44,42.56
243,9_T,1o,56.98,0.46,42.56
244,9_T,1o,56.97,0.46,42.57
245,8_Q,1o,56.44,4.55,39.01
246,8_Q,1o,56.41,4.55,39.04
247,7_T,sdifferent,56.33,0.44,43.23
248,8_K,2o,56.27,2.42,41.31
249,9_T,ssame,56.26,0.54,43.2
250,8_J,sdifferent,55.91,0.44,43.65
251,7_9,sdifferent,55.88,0.44,43.68
252,8_Q,ssame,55.85,4.67,39.49
253,8_K,1o,55.57,2.52,41.91
254,8_K,1o,55.54,2.52,41.94
255,8_T,sdifferent,55.24,0.44,44.32
256,8_K,ssame,55.03,2.62,42.35
257,7_8,sdifferent,54.98,0.43,44.59
258,8_9,sdifferent,54.79,0.44,44.78
259,7_K,sdifferent,54.58,4.3,41.12
260,9_J,2o,54.43,4.42,41.14
261,9_T,sdifferent,54.14,0.44,45.41
262,9_Q,2o,53.97,2.38,43.65
263,9_J,1o,53.66,4.54,41.8
264,9_J,1o,53.65,4.54,41.81
265,8_Q,sdifferent,53.6,4.18,42.21
266,9_K,2o,53.27,2.29,44.44
267,9_Q,1o,53.21,2.48,44.31
268,9_Q,1o,53.2,2.48,44.32
269,9_J,ssame,52.91,4.66,42.43
270,8_K,sdifferent,52.79,2.33,44.88
271,9_Q,ssame,52.54,2.58,44.89
272,9_K,1o,52.52,2.39,45.09
273,9_K,1o,52.51,2.39,45.1
274,9_K,ssame,51.9,2.49,45.61
275,9_J,sdifferent,51.09,4.17,44.74
276,T_J,2o,50.83,2.22,46.95
277,9_Q,sdifferent,50.66,2.29,47.04
278,T_Q,2o,50.59,2.08,47.32
279,T_K,2o,50.32,1.72,47.97
280,9_K,sdifferent,50.02,2.21,47.77
281,T_J,1o,49.99,2.32,47.69
282,T_J,1o,49.99,2.32,47.69
283,T_Q,1o,49.78,2.18,48.03
284,T_Q,1o,49.77,2.18,48.05
285,Q_K,2o,49.77,0.6,49.63
286,J_K,2o,49.55,1.18,49.26
287,T_K,1o,49.52,1.81,48.68
288,T_K,1o,49.51,1.81,48.69
289,J_Q,2o,49.45,1.55,49.0
290,2_2,2o,49.38,0.63,50.0
291,T_J,ssame,49.18,2.42,48.4
292,T_Q,ssame,49.05,2.28,48.68
293,2_2,1o,48.96,0.66,50.37
294,Q_K,1o,48.96,0.68,50.36
295,Q_K,1o,48.95,0.68,50.37
296,T_K,ssame,48.84,1.9,49.26
297,J_K,1o,48.73,1.27,50.0
298,J_K,1o,48.73,1.27,50.0
299,J_Q,1o,48.62,1.64,49.74
300,J_Q,1o,48.62,1.64,49.74
301,Q_K,ssame,48.28,0.76,50.96
302,3_3,2o,48.28,0.56,51.17
303,J_K,ssame,48.04,1.36,50.6
304,3_3,1o,47.87,0.61,51.52
305,J_Q,ssame,47.87,1.73,50.4
306,T_J,sdifferent,47.74,2.14,50.12
307,T_Q,sdifferent,47.54,2.02,50.45
308,4_4,2o,47.28,0.5,52.22
309,T_K,sdifferent,47.27,1.68,51.05
310,4_4,1o,46.88,0.57,52.55
311,Q_K,sdifferent,46.74,0.65,52.62
312,J_K,sdifferent,46.55,1.18,52.27
313,J_Q,sdifferent,46.46,1.52,52.01
314,5_5,2o,46.35,0.45,53.2
315,5_5,1o,45.96,0.53,53.52
316,2_A,2o,44.05,33.92,22.03
317,3_A,2o,43.62,33.78,22.6
318,4_A,2o,43.46,33.7,22.84
319,2_A,1o,43.2,34.41,22.4
320,5_A,2o,43.13,33.84,23.02
321,3_A,1o,42.77,34.28,22.94
322,4_A,1o,42.63,34.2,23.17
323,5_A,1o,42.32,34.36,23.33
324,2_A,sdifferent,41.6,31.93,26.46
325,3_A,sdifferent,41.22,31.81,26.96
326,4_A,sdifferent,41.09,31.74,27.17
327,5_A,sdifferent,40.8,31.88,27.32
328,6_6,2o,33.19,2.62,64.19
329,7_7,2o,32.74,0.35,66.91
330,8_8,2o,32.59,0.33,67.08
331,9_9,2o,32.54,0.34,67.12
332,7_7,1o,32.13,0.44,67.43
333,K_K,2o,32.05,0.35,67.6
334,Q_Q,2o,32.01,0.34,67.65
335,8_8,1o,31.97,0.42,67.61
336,T_T,2o,31.92,0.33,67.75
337,9_9,1o,31.91,0.43,67.66
338,J_J,2o,31.68,0.34,67.99
339,K_K,1o,31.41,0.43,68.15
340,Q_Q,1o,31.37,0.42,68.21
341,T_T,1o,31.28,0.41,68.3
342,J_J,1o,31.02,0.42,68.55
343,K_A,2o,28.7,4.12,67.18
344,Q_A,2o,28.66,5.22,66.12
345,J_A,2o,28.26,7.12,64.62
346,T_A,2o,28.24,9.75,62.01
347,9_A,2o,28.23,14.41,57.36
348,8_A,2o,27.85,19.5,52.65
349,7_A,2o,27.51,26.3,46.2
350,K_A,1o,27.39,4.23,68.38
351,Q_A,1o,27.35,5.35,67.3
352,K_A,sdifferent,27.09,3.96,68.95
353,Q_A,sdifferent,27.05,5.04,67.9
354,9_A,1o,26.95,14.63,58.42
355,T_A,1o,26.93,9.94,63.13
356,J_A,1o,26.93,7.28,65.79
357,9_A,sdifferent,26.69,13.71,59.61
358,T_A,sdifferent,26.68,9.34,63.98
359,J_A,sdifferent,26.68,6.86,66.46
360,8_A,1o,26.57,19.8,53.63
361,8_A,sdifferent,26.35,18.49,55.16
362,7_A,1o,26.25,26.7,47.06
363,7_A,sdifferent,26.05,24.84,49.11
364,A_A,2o,11.31,0.91,87.78
365,6_A,sdifferent,7.16,85.68,7.16
366,6_A,2o,7.16,90.67,2.17
