,vs_Hand,type,Equity_%,Draws_%,Loses_%
0,2_6,2o,72.02,6.02,21.95
1,2_6,1o,71.52,6.16,22.31
2,6_T,2o,70.97,5.4,23.63
3,6_T,1o,70.49,5.55,23.96
4,3_6,2o,70.48,5.87,23.65
5,3_6,1o,69.95,6.04,24.0
6,6_9,2o,69.64,5.25,25.1
7,6_9,1o,69.13,5.42,25.45
8,4_6,2o,68.95,5.72,25.33
9,4_6,1o,68.39,5.92,25.69
10,6_8,2o,68.33,5.16,26.52
11,2_6,sdifferent,67.8,5.82,26.39
12,6_8,1o,67.77,5.34,26.89
13,5_6,2o,67.42,5.58,27.0
14,6_7,2o,67.33,5.06,27.61
15,5_6,1o,66.83,5.81,27.37
16,6_T,sdifferent,66.82,5.25,27.92
17,2_3,2o,66.79,1.42,31.79
18,6_7,1o,66.74,5.26,28.0
19,2_4,2o,66.58,1.4,32.02
20,2_5,2o,66.42,1.38,32.2
21,2_3,1o,66.37,1.48,32.15
22,3_6,sdifferent,66.36,5.71,27.93
23,2_3,1o,66.35,1.46,32.19
24,2_4,1o,66.16,1.47,32.37
25,2_4,1o,66.13,1.44,32.43
26,2_3,ssame,66.05,1.52,32.43
27,2_5,1o,66.01,1.46,32.53
28,2_5,1o,65.97,1.42,32.61
29,2_4,ssame,65.84,1.51,32.66
30,2_5,ssame,65.69,1.5,32.82
31,6_9,sdifferent,65.58,5.13,29.29
32,2_7,2o,65.56,1.35,33.09
33,3_8,2o,65.36,1.32,33.33
34,4_9,2o,65.21,1.29,33.5
35,2_8,2o,65.21,1.34,33.46
36,2_9,2o,65.19,1.34,33.48
37,3_4,2o,65.17,1.37,33.46
38,2_T,2o,65.15,1.35,33.5
39,2_7,1o,65.08,1.38,33.53
40,5_T,2o,65.05,1.29,33.66
41,2_7,1o,65.02,1.43,33.55
42,3_5,2o,65.01,1.35,33.63
43,3_9,2o,65.0,1.31,33.69
44,3_T,2o,64.96,1.32,33.71
45,4_6,sdifferent,64.93,5.59,29.47
46,3_8,1o,64.89,1.37,33.74
47,4_T,2o,64.84,1.3,33.86
48,3_8,1o,64.81,1.4,33.79
49,4_9,1o,64.75,1.36,33.89
50,2_7,ssame,64.73,1.47,33.8
51,2_8,1o,64.72,1.37,33.9
52,3_4,1o,64.72,1.44,33.84
53,2_9,1o,64.7,1.37,33.93
54,3_4,1o,64.7,1.43,33.87
55,4_9,1o,64.66,1.38,33.96
56,2_T,1o,64.66,1.39,33.95
57,2_8,1o,64.66,1.42,33.92
58,2_9,1o,64.64,1.42,33.94
59,5_T,1o,64.6,1.37,34.03
60,2_T,1o,64.6,1.44,33.96
61,3_5,1o,64.57,1.43,34.0
62,3_5,1o,64.54,1.41,34.05
63,3_8,ssame,64.53,1.46,34.01
64,3_9,1o,64.53,1.36,34.11
65,5_T,1o,64.5,1.38,34.12
66,3_T,1o,64.49,1.38,34.13
67,3_9,1o,64.45,1.39,34.16
68,3_T,1o,64.41,1.41,34.18
69,4_9,ssame,64.39,1.45,34.16
70,2_8,ssame,64.37,1.46,34.18
71,4_T,1o,64.37,1.37,34.26
72,3_4,ssame,64.36,1.5,34.14
73,6_8,sdifferent,64.35,5.05,30.6
74,2_9,ssame,64.34,1.46,34.2
75,3_7,2o,64.33,1.32,34.35
76,2_T,ssame,64.3,1.48,34.22
77,4_T,1o,64.28,1.39,34.33
78,5_T,ssame,64.24,1.46,34.31
79,3_5,ssame,64.21,1.49,34.3
80,3_9,ssame,64.16,1.45,34.39
81,4_8,2o,64.13,1.3,34.57
82,3_T,ssame,64.12,1.47,34.41
83,4_T,ssame,64.0,1.46,34.54
84,5_9,2o,63.99,1.28,34.74
85,3_7,1o,63.83,1.38,34.79
86,3_7,1o,63.76,1.4,34.83
87,4_8,1o,63.64,1.36,34.99
88,4_5,2o,63.61,1.33,35.06
89,4_8,1o,63.56,1.38,35.06
90,5_9,1o,63.51,1.35,35.14
91,5_6,sdifferent,63.51,5.48,31.01
92,3_7,ssame,63.45,1.46,35.09
93,5_9,1o,63.41,1.36,35.23
94,6_7,sdifferent,63.41,4.98,31.61
95,4_8,ssame,63.26,1.45,35.3
96,4_5,1o,63.13,1.41,35.46
97,5_9,ssame,63.12,1.44,35.44
98,4_5,1o,63.11,1.4,35.48
99,4_7,2o,63.1,1.3,35.6
100,5_8,2o,62.91,1.28,35.81
101,2_3,sdifferent,62.79,1.37,35.84
102,4_5,ssame,62.74,1.48,35.78
103,2_4,sdifferent,62.6,1.35,36.05
104,4_7,1o,62.58,1.37,36.05
105,4_7,1o,62.51,1.38,36.11
106,2_5,sdifferent,62.47,1.33,36.2
107,5_8,1o,62.4,1.36,36.24
108,5_8,1o,62.31,1.36,36.32
109,4_7,ssame,62.17,1.45,36.38
110,5_8,ssame,61.98,1.44,36.58
111,5_7,2o,61.88,1.28,36.84
112,2_7,sdifferent,61.53,1.3,37.16
113,5_7,1o,61.35,1.36,37.29
114,3_8,sdifferent,61.35,1.29,37.35
115,3_4,sdifferent,61.3,1.34,37.36
116,5_7,1o,61.26,1.37,37.37
117,4_9,sdifferent,61.22,1.28,37.49
118,2_8,sdifferent,61.21,1.29,37.5
119,2_9,sdifferent,61.19,1.29,37.52
120,3_5,sdifferent,61.16,1.33,37.51
121,2_T,sdifferent,61.15,1.31,37.54
122,5_T,sdifferent,61.09,1.29,37.62
123,3_9,sdifferent,61.03,1.29,37.69
124,3_T,sdifferent,60.99,1.3,37.71
125,5_7,ssame,60.9,1.44,37.66
126,4_T,sdifferent,60.88,1.3,37.82
127,3_7,sdifferent,60.39,1.3,38.31
128,4_8,sdifferent,60.22,1.29,38.49
129,5_9,sdifferent,60.1,1.28,38.62
130,4_5,sdifferent,59.86,1.32,38.82
131,4_7,sdifferent,59.26,1.29,39.45
132,5_8,sdifferent,59.1,1.28,39.62
133,7_9,2o,58.85,1.23,39.91
134,7_9,1o,58.17,1.31,40.52
135,7_9,1o,58.17,1.32,40.52
136,5_7,sdifferent,58.14,1.28,40.58
137,7_8,2o,57.99,1.23,40.77
138,7_9,ssame,57.65,1.4,40.95
139,7_8,1o,57.29,1.32,41.39
140,7_8,1o,57.29,1.32,41.4
141,7_8,ssame,56.75,1.4,41.85
142,7_T,2o,55.56,5.43,39.01
143,7_9,sdifferent,55.22,1.24,43.54
144,7_T,1o,54.86,5.55,39.6
145,7_T,1o,54.86,5.54,39.6
146,7_8,sdifferent,54.42,1.24,44.34
147,7_T,ssame,54.33,5.66,40.0
148,8_9,2o,53.39,5.33,41.27
149,8_9,1o,52.64,5.45,41.92
150,8_9,1o,52.64,5.45,41.91
151,8_T,2o,52.29,3.23,44.47
152,7_T,sdifferent,52.18,5.11,42.71
153,8_9,ssame,52.05,5.56,42.39
154,8_T,1o,51.54,3.33,45.13
155,8_T,1o,51.54,3.33,45.13
156,8_T,ssame,50.96,3.43,45.61
157,8_9,sdifferent,50.16,5.02,44.82
158,2_2,2o,49.41,1.48,49.11
159,8_T,sdifferent,49.15,3.09,47.77
160,9_T,2o,49.04,3.18,47.78
161,2_2,1o,49.01,1.52,49.47
162,3_3,2o,48.54,1.22,50.24
163,9_T,1o,48.23,3.28,48.49
164,9_T,1o,48.23,3.28,48.48
165,3_3,1o,48.15,1.28,50.57
166,4_4,2o,47.71,1.0,51.29
167,9_T,ssame,47.59,3.38,49.03
168,4_4,1o,47.33,1.07,51.6
169,5_5,2o,46.92,0.81,52.27
170,5_5,1o,46.54,0.89,52.57
171,9_T,sdifferent,46.12,3.04,50.84
172,2_Q,2o,45.13,2.34,52.53
173,2_A,2o,44.81,0.5,54.69
174,3_Q,2o,44.8,2.35,52.85
175,2_K,2o,44.69,1.5,53.81
176,2_J,2o,44.66,34.51,20.83
177,3_J,2o,44.55,34.37,21.08
178,4_J,2o,44.44,34.28,21.27
179,4_Q,2o,44.43,2.36,53.21
180,2_Q,1o,44.39,2.38,53.23
181,3_A,2o,44.39,0.47,55.14
182,3_K,2o,44.31,1.51,54.17
183,5_J,2o,44.12,34.43,21.45
184,3_Q,1o,44.06,2.41,53.52
185,2_A,1o,44.06,0.54,55.4
186,4_A,2o,44.02,0.45,55.53
187,4_K,2o,43.94,1.49,54.57
188,2_K,1o,43.94,1.55,54.52
189,2_J,1o,43.82,35.01,21.17
190,2_Q,1o,43.75,2.43,53.82
191,3_J,1o,43.71,34.89,21.4
192,4_Q,1o,43.7,2.45,53.86
193,5_A,2o,43.65,0.43,55.92
194,3_A,1o,43.65,0.53,55.82
195,4_J,1o,43.62,34.81,21.57
196,5_K,2o,43.57,0.64,55.79
197,3_K,1o,43.57,1.58,54.85
198,3_Q,1o,43.41,2.44,54.14
199,2_A,1o,43.39,0.58,56.02
200,5_J,1o,43.31,34.96,21.73
201,4_A,1o,43.29,0.52,56.19
202,2_K,1o,43.29,1.59,55.12
203,5_Q,2o,43.22,3.18,53.6
204,4_K,1o,43.21,1.57,55.22
205,4_Q,1o,43.04,2.46,54.5
206,3_A,1o,42.97,0.55,56.47
207,5_A,1o,42.93,0.51,56.57
208,3_K,1o,42.91,1.6,55.49
209,5_K,1o,42.85,0.72,56.44
210,4_A,1o,42.59,0.53,56.88
211,4_K,1o,42.53,1.58,55.89
212,5_Q,1o,42.5,3.27,54.23
213,2_Q,sdifferent,42.5,2.21,55.28
214,3_Q,sdifferent,42.21,2.24,55.55
215,5_A,1o,42.21,0.51,57.27
216,2_J,sdifferent,42.18,32.48,25.34
217,2_A,sdifferent,42.17,0.51,57.32
218,5_K,1o,42.15,0.72,57.12
219,3_J,sdifferent,42.09,32.36,25.55
220,2_K,sdifferent,42.07,1.44,56.49
221,4_J,sdifferent,42.0,32.28,25.71
222,4_Q,sdifferent,41.88,2.27,55.85
223,5_Q,1o,41.82,3.28,54.9
224,3_A,sdifferent,41.81,0.5,57.69
225,3_K,sdifferent,41.74,1.47,56.79
226,5_J,sdifferent,41.72,32.42,25.86
227,4_A,sdifferent,41.48,0.49,58.03
228,4_K,sdifferent,41.41,1.46,57.13
229,5_A,sdifferent,41.15,0.48,58.37
230,5_K,sdifferent,41.08,0.68,58.23
231,5_Q,sdifferent,40.78,3.03,56.19
232,9_A,2o,40.68,0.39,58.94
233,7_A,2o,40.44,0.38,59.18
234,8_A,2o,40.4,0.38,59.22
235,8_K,2o,40.33,0.6,59.06
236,7_K,2o,40.09,0.59,59.31
237,7_Q,2o,39.99,0.85,59.16
238,9_A,1o,39.79,0.47,59.74
239,2_Q,ssame,39.75,2.48,57.77
240,7_A,1o,39.55,0.46,59.99
241,8_A,1o,39.5,0.46,60.03
242,T_A,2o,39.47,0.39,60.14
243,9_K,2o,39.46,0.6,59.94
244,8_K,1o,39.44,0.68,59.87
245,3_Q,ssame,39.42,2.51,58.07
246,2_A,ssame,39.4,0.62,59.98
247,2_K,ssame,39.29,1.64,59.07
248,7_K,1o,39.2,0.68,60.13
249,9_A,1o,39.18,0.47,60.35
250,8_Q,2o,39.12,0.85,60.04
251,7_Q,1o,39.09,0.93,59.98
252,4_Q,ssame,39.05,2.54,58.41
253,3_A,ssame,38.99,0.61,60.41
254,7_A,1o,38.93,0.46,60.6
255,3_K,ssame,38.92,1.67,59.42
256,8_A,1o,38.89,0.46,60.65
257,8_K,1o,38.85,0.68,60.47
258,4_A,ssame,38.61,0.6,60.79
259,7_K,1o,38.6,0.68,60.72
260,T_A,1o,38.56,0.47,60.97
261,9_K,1o,38.54,0.69,60.77
262,4_K,ssame,38.54,1.66,59.8
263,7_Q,1o,38.51,0.93,60.56
264,9_A,sdifferent,38.26,0.45,61.29
265,T_K,2o,38.26,0.61,61.14
266,9_Q,2o,38.24,0.85,60.91
267,5_A,ssame,38.24,0.59,61.17
268,8_Q,1o,38.19,0.93,60.88
269,5_K,ssame,38.17,0.8,61.03
270,7_A,sdifferent,38.04,0.44,61.51
271,8_A,sdifferent,38.0,0.44,61.55
272,8_K,sdifferent,37.96,0.65,61.39
273,9_K,1o,37.95,0.69,61.36
274,T_A,1o,37.95,0.47,61.58
275,5_Q,ssame,37.83,3.38,58.79
276,7_K,sdifferent,37.74,0.65,61.61
277,7_Q,sdifferent,37.66,0.88,61.46
278,8_Q,1o,37.62,0.93,61.45
279,T_K,1o,37.31,0.69,62.01
280,9_Q,1o,37.29,0.93,61.78
281,K_A,2o,37.16,0.41,62.43
282,T_A,sdifferent,37.14,0.45,62.41
283,9_K,sdifferent,37.14,0.65,62.21
284,T_Q,2o,37.04,0.85,62.11
285,Q_A,2o,36.84,0.4,62.76
286,8_Q,sdifferent,36.84,0.88,62.28
287,9_Q,1o,36.72,0.93,62.35
288,T_K,1o,36.72,0.69,62.59
289,T_Q,1o,36.06,0.93,63.01
290,T_K,sdifferent,36.02,0.65,63.32
291,9_Q,sdifferent,36.02,0.88,63.09
292,Q_K,2o,35.8,0.62,63.58
293,K_A,1o,35.59,0.49,63.92
294,K_A,1o,35.57,0.49,63.93
295,T_Q,1o,35.49,0.94,63.58
296,Q_A,1o,35.29,0.48,64.23
297,Q_A,1o,35.26,0.48,64.26
298,9_A,ssame,35.03,0.55,64.41
299,T_Q,sdifferent,34.9,0.89,64.21
300,K_A,sdifferent,34.83,0.47,64.7
301,7_A,ssame,34.78,0.55,64.67
302,8_A,ssame,34.74,0.55,64.72
303,8_K,ssame,34.69,0.77,64.54
304,Q_A,sdifferent,34.56,0.46,64.98
305,7_K,ssame,34.44,0.76,64.8
306,7_Q,ssame,34.35,1.01,64.63
307,Q_K,1o,34.22,0.7,65.08
308,Q_K,1o,34.21,0.7,65.09
309,6_6,2o,33.94,2.57,63.48
310,T_A,ssame,33.77,0.55,65.68
311,9_K,ssame,33.77,0.77,65.46
312,Q_K,sdifferent,33.61,0.66,65.73
313,8_Q,ssame,33.43,1.01,65.56
314,7_7,2o,32.94,0.62,66.44
315,T_K,ssame,32.5,0.77,66.73
316,9_Q,ssame,32.5,1.01,66.48
317,8_8,2o,32.39,0.51,67.09
318,7_7,1o,32.35,0.7,66.95
319,9_9,2o,31.89,0.43,67.68
320,8_8,1o,31.8,0.6,67.61
321,T_T,2o,31.37,0.37,68.26
322,9_9,1o,31.29,0.51,68.19
323,T_Q,ssame,31.23,1.01,67.75
324,K_A,ssame,31.22,0.57,68.21
325,Q_A,ssame,30.91,0.56,68.53
326,T_T,1o,30.77,0.45,68.78
327,Q_K,ssame,29.83,0.78,69.39
328,6_A,2o,28.77,2.4,68.83
329,6_K,2o,28.39,3.45,68.17
330,J_A,2o,28.26,1.96,69.78
331,6_Q,2o,28.0,4.47,67.52
332,J_K,2o,27.97,2.92,69.11
333,J_Q,2o,27.69,3.83,68.48
334,9_J,2o,27.31,14.23,58.47
335,8_J,2o,27.26,19.19,53.54
336,6_A,sdifferent,27.19,2.33,70.48
337,7_J,2o,27.16,25.9,46.93
338,6_A,1o,27.02,2.52,70.46
339,T_J,2o,27.0,10.26,62.73
340,6_K,sdifferent,26.86,3.35,69.8
341,J_A,sdifferent,26.68,1.94,71.38
342,6_K,1o,26.64,3.58,69.78
343,6_Q,sdifferent,26.52,4.34,69.14
344,J_A,1o,26.48,2.09,71.43
345,J_K,sdifferent,26.42,2.89,70.69
346,6_Q,1o,26.27,4.62,69.11
347,J_K,1o,26.19,3.08,70.74
348,J_Q,sdifferent,26.16,3.8,70.04
349,9_J,1o,25.99,14.51,59.5
350,8_J,1o,25.96,19.53,54.51
351,J_Q,1o,25.89,4.02,70.09
352,7_J,1o,25.88,26.33,47.8
353,9_J,sdifferent,25.82,13.57,60.61
354,8_J,sdifferent,25.79,18.22,55.99
355,7_J,sdifferent,25.71,24.49,49.8
356,T_J,1o,25.66,10.52,63.82
357,T_J,sdifferent,25.53,9.85,64.62
358,A_A,2o,17.37,0.34,82.28
359,K_K,2o,17.1,0.34,82.57
360,Q_Q,2o,16.82,0.33,82.85
361,A_A,1o,16.05,0.43,83.53
362,K_K,1o,15.78,0.42,83.8
363,Q_Q,1o,15.51,0.41,84.07
364,J_J,2o,10.91,2.4,86.69
365,6_J,2o,7.16,90.67,2.17
366,6_J,sdifferent,7.16,85.68,7.16
