,vs_Hand,type,Equity_%,Draws_%,Loses_%
0,2_6,2o,67.61,4.48,27.9
1,2_6,1o,67.44,4.58,27.98
2,2_6,1o,67.27,4.54,28.19
3,2_6,ssame,67.21,4.63,28.16
4,2_7,2o,66.97,13.21,19.82
5,2_3,2o,66.92,4.46,28.61
6,3_7,2o,66.89,13.14,19.97
7,2_3,1o,66.57,4.52,28.91
8,2_3,1o,66.57,4.54,28.89
9,2_7,1o,66.46,13.44,20.1
10,3_6,2o,66.38,4.46,29.15
11,3_7,1o,66.38,13.39,20.23
12,2_3,ssame,66.35,4.6,29.05
13,3_6,1o,66.19,4.56,29.25
14,3_6,1o,66.01,4.54,29.46
15,3_6,ssame,65.92,4.63,29.45
16,2_4,2o,65.75,4.44,29.81
17,2_5,2o,65.74,4.43,29.82
18,2_5,1o,65.48,4.53,29.99
19,2_4,1o,65.43,4.53,30.04
20,2_5,1o,65.37,4.49,30.14
21,2_4,1o,65.37,4.5,30.13
22,2_5,ssame,65.17,4.59,30.25
23,2_4,ssame,65.13,4.59,30.28
24,4_6,2o,65.08,4.44,30.48
25,4_7,2o,65.01,12.99,21.99
26,4_6,1o,64.83,4.54,30.63
27,3_4,2o,64.81,4.42,30.77
28,4_6,1o,64.71,4.53,30.76
29,4_6,ssame,64.56,4.63,30.82
30,3_5,2o,64.55,4.41,31.03
31,4_7,1o,64.52,13.26,22.22
32,3_4,1o,64.47,4.51,31.01
33,3_4,1o,64.41,4.5,31.09
34,3_5,1o,64.27,4.51,31.22
35,5_7,2o,64.26,12.87,22.87
36,3_4,ssame,64.15,4.59,31.26
37,3_5,1o,64.15,4.49,31.36
38,6_7,2o,64.08,12.88,23.05
39,5_6,2o,63.99,4.43,31.58
40,3_5,ssame,63.93,4.59,31.49
41,5_7,1o,63.81,13.15,23.05
42,5_6,1o,63.71,4.53,31.76
43,2_6,sdifferent,63.71,4.21,32.09
44,6_7,1o,63.68,13.16,23.16
45,5_6,1o,63.65,4.52,31.83
46,5_6,ssame,63.43,4.62,31.95
47,4_5,2o,63.25,4.4,32.36
48,2_3,sdifferent,62.96,4.18,32.86
49,2_7,sdifferent,62.96,12.66,24.38
50,4_5,1o,62.91,4.49,32.6
51,3_7,sdifferent,62.88,12.61,24.51
52,4_5,1o,62.85,4.48,32.66
53,3_6,sdifferent,62.57,4.2,33.22
54,4_5,ssame,62.56,4.58,32.86
55,2_5,sdifferent,61.95,4.16,33.89
56,2_4,sdifferent,61.91,4.17,33.92
57,4_6,sdifferent,61.36,4.2,34.44
58,4_7,sdifferent,61.18,12.5,26.32
59,3_4,sdifferent,61.05,4.17,34.79
60,3_5,sdifferent,60.85,4.16,34.99
61,5_7,sdifferent,60.53,12.4,27.07
62,6_7,sdifferent,60.4,12.42,27.18
63,5_6,sdifferent,60.36,4.19,35.44
64,4_5,sdifferent,59.64,4.16,36.2
65,2_8,2o,53.89,26.29,19.82
66,3_8,2o,53.86,26.17,19.97
67,2_8,1o,53.23,26.67,20.1
68,3_8,1o,53.2,26.56,20.23
69,4_8,2o,53.14,26.0,20.87
70,5_8,2o,52.56,26.01,21.43
71,4_8,1o,52.52,26.4,21.08
72,2_2,2o,52.33,2.36,45.31
73,3_3,2o,52.14,1.93,45.93
74,2_2,1o,52.03,2.4,45.57
75,6_8,2o,52.01,26.44,21.55
76,5_8,1o,51.99,26.42,21.59
77,3_3,1o,51.84,1.99,46.18
78,6_8,1o,51.49,26.86,21.65
79,2_8,sdifferent,50.82,24.8,24.38
80,3_8,sdifferent,50.8,24.69,24.51
81,4_4,2o,50.78,1.55,47.67
82,4_4,1o,50.49,1.62,47.89
83,2_9,2o,50.47,4.69,44.84
84,3_9,2o,50.47,4.67,44.86
85,4_8,sdifferent,50.18,24.55,25.28
86,4_9,2o,49.96,4.87,45.17
87,3_9,1o,49.85,4.75,45.4
88,2_9,1o,49.85,4.75,45.4
89,5_5,2o,49.73,1.23,49.04
90,5_8,sdifferent,49.69,24.57,25.73
91,5_5,1o,49.47,1.31,49.22
92,2_9,1o,49.4,4.8,45.8
93,3_9,1o,49.4,4.79,45.81
94,4_9,1o,49.39,4.96,45.64
95,3_T,2o,49.36,3.08,47.56
96,2_T,2o,49.36,3.1,47.54
97,6_8,sdifferent,49.22,24.98,25.79
98,4_9,1o,48.89,4.98,46.13
99,2_K,2o,48.89,0.7,50.41
100,3_K,2o,48.89,0.68,50.43
101,6_6,2o,48.81,0.95,50.24
102,2_A,2o,48.76,0.47,50.77
103,3_A,2o,48.76,0.45,50.79
104,2_T,1o,48.73,3.15,48.13
105,3_T,1o,48.73,3.15,48.13
106,2_J,2o,48.71,2.12,49.17
107,3_J,2o,48.71,2.1,49.19
108,6_6,1o,48.59,1.02,50.39
109,5_9,2o,48.58,4.86,46.57
110,2_Q,2o,48.57,0.95,50.48
111,3_Q,2o,48.57,0.93,50.5
112,4_T,2o,48.46,3.22,48.32
113,2_K,1o,48.25,0.74,51.01
114,3_K,1o,48.25,0.74,51.01
115,3_T,1o,48.22,3.18,48.6
116,2_T,1o,48.22,3.2,48.58
117,3_A,1o,48.12,0.51,51.38
118,2_A,1o,48.12,0.51,51.38
119,2_J,1o,48.06,2.17,49.77
120,3_J,1o,48.06,2.17,49.77
121,5_9,1o,48.02,4.96,47.02
122,4_K,2o,47.99,0.66,51.35
123,2_Q,1o,47.92,0.99,51.09
124,3_Q,1o,47.92,0.99,51.09
125,4_T,1o,47.87,3.3,48.83
126,4_A,2o,47.86,0.43,51.71
127,4_J,2o,47.8,2.08,50.11
128,4_Q,2o,47.67,0.91,51.42
129,3_K,1o,47.63,0.77,51.6
130,2_K,1o,47.63,0.79,51.58
131,2_9,sdifferent,47.62,4.41,47.97
132,3_9,sdifferent,47.62,4.41,47.97
133,2_A,1o,47.5,0.55,51.94
134,3_A,1o,47.5,0.54,51.96
135,2_J,1o,47.5,2.22,50.28
136,3_J,1o,47.5,2.2,50.3
137,5_9,1o,47.44,4.97,47.59
138,4_K,1o,47.39,0.73,51.88
139,5_K,2o,47.35,0.65,52.01
140,4_T,1o,47.3,3.32,49.38
141,3_Q,1o,47.3,1.02,51.68
142,2_Q,1o,47.3,1.04,51.66
143,5_T,2o,47.26,4.08,48.66
144,4_A,1o,47.25,0.5,52.25
145,6_A,2o,47.23,0.37,52.39
146,5_A,2o,47.22,0.41,52.37
147,4_9,sdifferent,47.21,4.6,48.19
148,4_J,1o,47.2,2.16,50.64
149,5_J,2o,47.16,1.28,51.56
150,4_Q,1o,47.06,0.98,51.96
151,5_Q,2o,47.02,0.9,52.08
152,6_J,2o,46.89,1.23,51.88
153,6_K,2o,46.83,0.59,52.58
154,5_K,1o,46.8,0.72,52.48
155,6_A,1o,46.75,0.45,52.8
156,5_T,1o,46.72,4.18,49.1
157,4_K,1o,46.71,0.75,52.55
158,5_A,1o,46.66,0.49,52.85
159,5_J,1o,46.61,1.35,52.04
160,4_J,1o,46.58,2.18,51.24
161,4_A,1o,46.58,0.51,52.91
162,2_T,sdifferent,46.54,2.93,50.53
163,3_T,sdifferent,46.54,2.93,50.53
164,6_Q,2o,46.5,0.85,52.65
165,5_Q,1o,46.47,0.97,52.56
166,6_J,1o,46.4,1.31,52.29
167,4_Q,1o,46.38,1.0,52.62
168,6_K,1o,46.33,0.67,53.0
169,5_T,1o,46.09,4.19,49.71
170,5_K,1o,46.05,0.73,53.22
171,6_Q,1o,46.0,0.92,53.07
172,2_K,sdifferent,45.99,0.7,53.31
173,3_K,sdifferent,45.99,0.7,53.31
174,6_T,2o,45.95,1.82,52.22
175,6_A,1o,45.94,0.46,53.6
176,5_J,1o,45.93,1.36,52.71
177,5_9,sdifferent,45.92,4.59,49.49
178,5_A,1o,45.92,0.5,53.58
179,2_J,sdifferent,45.88,2.02,52.1
180,3_J,sdifferent,45.88,2.02,52.1
181,3_A,sdifferent,45.88,0.48,53.64
182,2_A,sdifferent,45.88,0.48,53.64
183,4_T,sdifferent,45.75,3.07,51.17
184,5_Q,1o,45.72,0.98,53.29
185,2_Q,sdifferent,45.7,0.94,53.37
186,3_Q,sdifferent,45.7,0.94,53.37
187,6_J,1o,45.65,1.32,53.03
188,2_9,ssame,45.55,4.87,49.59
189,3_9,ssame,45.55,4.87,49.59
190,6_K,1o,45.52,0.68,53.8
191,6_T,1o,45.43,1.9,52.66
192,4_K,sdifferent,45.2,0.69,54.1
193,6_Q,1o,45.19,0.93,53.87
194,4_A,sdifferent,45.09,0.48,54.44
195,4_J,sdifferent,45.09,2.02,52.89
196,6_9,2o,45.06,7.1,47.84
197,4_9,ssame,45.03,5.08,49.89
198,4_Q,sdifferent,44.91,0.93,54.16
199,6_T,1o,44.73,1.92,53.35
200,5_T,sdifferent,44.7,3.88,51.43
201,5_K,sdifferent,44.65,0.69,54.66
202,6_A,sdifferent,44.59,0.43,54.98
203,5_A,sdifferent,44.54,0.47,54.99
204,5_J,sdifferent,44.54,1.28,54.18
205,6_9,1o,44.5,7.22,48.28
206,2_T,ssame,44.41,3.25,52.35
207,3_T,ssame,44.41,3.25,52.35
208,5_Q,sdifferent,44.36,0.93,54.72
209,6_J,sdifferent,44.34,1.24,54.42
210,6_K,sdifferent,44.21,0.64,55.14
211,6_Q,sdifferent,43.92,0.88,55.2
212,3_K,ssame,43.9,0.82,55.27
213,2_K,ssame,43.9,0.82,55.27
214,6_9,1o,43.85,7.23,48.92
215,3_A,ssame,43.77,0.59,55.64
216,2_A,ssame,43.77,0.59,55.64
217,3_J,ssame,43.73,2.26,54.01
218,2_J,ssame,43.73,2.26,54.01
219,5_9,ssame,43.58,5.07,51.35
220,3_Q,ssame,43.57,1.08,55.36
221,2_Q,ssame,43.57,1.08,55.36
222,6_T,sdifferent,43.48,1.79,54.72
223,4_T,ssame,43.47,3.41,53.13
224,4_K,ssame,42.96,0.81,56.22
225,4_A,ssame,42.83,0.58,56.59
226,4_J,ssame,42.79,2.25,54.96
227,6_9,sdifferent,42.67,6.66,50.67
228,4_Q,ssame,42.63,1.07,56.3
229,5_K,ssame,42.3,0.81,56.9
230,5_T,ssame,42.25,4.29,53.46
231,6_A,ssame,42.18,0.53,57.29
232,5_A,ssame,42.16,0.57,57.26
233,5_J,ssame,42.12,1.44,56.44
234,5_Q,ssame,41.96,1.06,56.98
235,6_J,ssame,41.85,1.4,56.75
236,6_K,ssame,41.76,0.75,57.49
237,K_A,2o,41.71,0.38,57.91
238,9_A,2o,41.61,0.37,58.03
239,J_A,2o,41.5,0.37,58.13
240,6_Q,ssame,41.42,1.01,57.57
241,Q_A,2o,41.39,0.38,58.24
242,T_A,2o,41.3,0.36,58.34
243,9_K,2o,41.12,0.6,58.28
244,6_T,ssame,40.88,2.0,57.12
245,T_K,2o,40.76,0.59,58.65
246,J_K,2o,40.68,0.6,58.72
247,9_A,1o,40.37,0.45,59.19
248,K_A,1o,40.29,0.46,59.25
249,K_A,1o,40.29,0.46,59.25
250,9_A,1o,40.19,0.45,59.36
251,J_A,1o,40.13,0.45,59.42
252,J_A,1o,40.08,0.45,59.47
253,T_A,1o,39.99,0.44,59.56
254,Q_A,1o,39.96,0.46,59.58
255,6_9,ssame,39.96,7.35,52.69
256,Q_A,1o,39.96,0.46,59.58
257,9_Q,2o,39.9,0.85,59.25
258,T_A,1o,39.88,0.45,59.68
259,9_K,1o,39.85,0.68,59.47
260,9_K,1o,39.69,0.68,59.62
261,Q_K,2o,39.67,0.6,59.73
262,T_Q,2o,39.54,0.82,59.63
263,J_Q,2o,39.44,0.83,59.73
264,T_K,1o,39.43,0.67,59.9
265,T_K,1o,39.32,0.67,60.0
266,J_K,1o,39.29,0.68,60.03
267,J_K,1o,39.24,0.68,60.08
268,9_A,sdifferent,39.15,0.43,60.41
269,K_A,sdifferent,39.09,0.44,60.47
270,9_J,2o,39.02,1.21,59.77
271,J_A,sdifferent,38.95,0.43,60.62
272,T_A,sdifferent,38.82,0.43,60.75
273,Q_A,sdifferent,38.79,0.44,60.77
274,9_K,sdifferent,38.69,0.65,60.66
275,T_J,2o,38.66,1.08,60.27
276,9_Q,1o,38.61,0.93,60.47
277,9_Q,1o,38.45,0.93,60.62
278,T_K,sdifferent,38.31,0.64,61.05
279,Q_K,1o,38.2,0.69,61.12
280,Q_K,1o,38.2,0.69,61.12
281,J_K,sdifferent,38.19,0.64,61.17
282,T_Q,1o,38.18,0.91,60.91
283,T_Q,1o,38.08,0.91,61.01
284,7_7,2o,38.04,2.4,59.56
285,J_Q,1o,38.01,0.91,61.08
286,J_Q,1o,37.97,0.91,61.11
287,9_T,2o,37.7,1.71,60.59
288,9_J,1o,37.69,1.3,61.01
289,9_J,1o,37.58,1.3,61.12
290,9_Q,sdifferent,37.57,0.88,61.55
291,T_J,1o,37.27,1.16,61.57
292,T_J,1o,37.21,1.16,61.63
293,Q_K,sdifferent,37.19,0.65,62.16
294,T_Q,sdifferent,37.19,0.86,61.95
295,J_Q,sdifferent,37.04,0.86,62.1
296,9_J,sdifferent,36.77,1.23,62.01
297,T_J,sdifferent,36.39,1.1,62.51
298,9_T,1o,36.33,1.79,61.88
299,9_T,1o,36.27,1.8,61.93
300,K_A,ssame,36.21,0.54,63.25
301,9_A,ssame,36.14,0.53,63.33
302,J_A,ssame,36.0,0.53,63.47
303,Q_A,ssame,35.87,0.54,63.59
304,T_A,ssame,35.81,0.53,63.66
305,9_K,ssame,35.62,0.76,63.62
306,9_T,sdifferent,35.55,1.69,62.76
307,T_K,ssame,35.23,0.75,64.02
308,J_K,ssame,35.13,0.76,64.1
309,9_Q,ssame,34.35,1.01,64.64
310,Q_K,ssame,34.01,0.77,65.22
311,T_Q,ssame,33.96,0.99,65.05
312,7_A,2o,33.92,2.05,64.03
313,J_Q,ssame,33.83,1.0,65.17
314,7_Q,2o,33.56,3.83,62.61
315,7_K,2o,33.56,3.12,63.32
316,9_J,ssame,33.44,1.38,65.18
317,8_K,2o,33.17,3.17,63.66
318,8_A,2o,33.13,2.47,64.4
319,T_J,ssame,33.05,1.24,65.71
320,7_J,2o,32.37,5.03,62.6
321,7_A,1o,32.35,2.16,65.49
322,9_T,ssame,32.07,1.88,66.05
323,7_A,sdifferent,32.02,2.0,65.98
324,7_Q,1o,31.97,3.96,64.07
325,7_K,1o,31.97,3.24,64.79
326,7_K,sdifferent,31.68,3.03,65.29
327,7_Q,sdifferent,31.68,3.74,64.58
328,8_K,1o,31.57,3.3,65.13
329,8_A,1o,31.53,2.59,65.87
330,8_Q,2o,31.37,4.22,64.41
331,8_J,2o,31.32,5.43,63.25
332,8_K,sdifferent,31.3,3.09,65.62
333,8_A,sdifferent,31.26,2.39,66.35
334,7_T,2o,30.86,6.72,62.42
335,7_J,1o,30.81,5.19,64.0
336,7_J,sdifferent,30.63,4.92,64.45
337,8_T,2o,30.13,7.07,62.8
338,8_J,1o,29.73,5.61,64.66
339,8_Q,1o,29.73,4.38,65.9
340,8_J,sdifferent,29.63,5.31,65.06
341,8_Q,sdifferent,29.62,4.12,66.26
342,7_T,1o,29.33,6.91,63.76
343,7_9,2o,29.33,9.28,61.38
344,7_T,sdifferent,29.29,6.56,64.15
345,8_9,2o,28.66,9.34,62.0
346,8_T,sdifferent,28.59,6.9,64.51
347,8_T,1o,28.57,7.28,64.14
348,7_9,sdifferent,27.94,9.02,63.04
349,7_9,1o,27.83,9.52,62.65
350,8_9,sdifferent,27.28,9.09,63.63
351,8_9,1o,27.13,9.6,63.28
352,A_A,2o,22.87,0.29,76.83
353,K_K,2o,22.47,0.32,77.21
354,Q_Q,2o,22.15,0.32,77.53
355,A_A,1o,21.72,0.38,77.9
356,J_J,2o,21.4,0.35,78.26
357,K_K,1o,21.3,0.4,78.3
358,Q_Q,1o,20.97,0.41,78.62
359,J_J,1o,20.24,0.43,79.33
360,T_T,2o,20.07,0.42,79.52
361,T_T,1o,18.91,0.5,80.59
362,9_9,2o,18.64,0.58,80.77
363,9_9,1o,17.49,0.67,81.84
364,8_8,2o,16.34,3.4,80.27
365,7_8,sdifferent,7.16,85.69,7.16
366,7_8,2o,7.16,90.67,2.17
