,vs_Hand,type,Equity_%,Draws_%,Loses_%
0,2_7,2o,76.57,2.94,20.5
1,2_7,1o,76.14,3.02,20.84
2,7_Q,2o,75.21,2.39,22.4
3,7_K,2o,75.21,2.8,21.99
4,3_7,2o,75.0,2.8,22.2
5,7_Q,1o,74.73,2.51,22.76
6,7_K,1o,74.73,2.93,22.34
7,3_7,1o,74.54,2.92,22.53
8,7_J,2o,73.78,2.29,23.94
9,4_7,2o,73.44,2.68,23.88
10,7_J,1o,73.27,2.42,24.31
11,4_7,1o,72.95,2.83,24.22
12,7_T,2o,72.35,2.18,25.48
13,2_7,sdifferent,72.17,2.79,25.04
14,5_7,2o,71.89,2.56,25.55
15,7_T,1o,71.82,2.33,25.85
16,7_9,2o,71.39,2.08,26.53
17,5_7,1o,71.37,2.73,25.9
18,7_Q,sdifferent,70.85,2.33,26.83
19,7_K,sdifferent,70.85,2.7,26.45
20,7_9,1o,70.83,2.25,26.92
21,3_7,sdifferent,70.71,2.7,26.59
22,6_7,2o,70.39,2.42,27.2
23,7_8,2o,69.97,1.97,28.06
24,6_7,1o,69.82,2.61,27.57
25,7_J,sdifferent,69.52,2.24,28.24
26,7_8,1o,69.39,2.16,28.45
27,4_7,sdifferent,69.26,2.61,28.13
28,2_6,2o,68.51,0.5,30.99
29,7_T,sdifferent,68.2,2.16,29.65
30,2_6,1o,68.13,0.58,31.29
31,2_6,1o,68.08,0.53,31.39
32,2_3,2o,67.92,0.58,31.5
33,2_6,ssame,67.83,0.61,31.56
34,5_7,sdifferent,67.81,2.52,29.66
35,2_3,1o,67.5,0.63,31.87
36,2_3,1o,67.48,0.61,31.9
37,2_4,2o,67.43,0.55,32.02
38,7_9,sdifferent,67.29,2.08,30.62
39,2_5,2o,67.22,0.53,32.24
40,2_3,ssame,67.19,0.67,32.14
41,3_6,2o,67.07,0.47,32.46
42,2_4,1o,67.01,0.62,32.37
43,2_4,1o,66.98,0.59,32.43
44,2_5,1o,66.81,0.61,32.58
45,2_5,1o,66.77,0.57,32.66
46,2_4,ssame,66.69,0.66,32.65
47,3_6,1o,66.65,0.55,32.79
48,3_6,1o,66.61,0.52,32.86
49,2_5,ssame,66.48,0.65,32.87
50,2_K,2o,66.48,0.5,33.02
51,6_7,sdifferent,66.4,2.41,31.19
52,2_9,2o,66.36,0.48,33.16
53,3_6,ssame,66.32,0.6,33.08
54,2_8,2o,66.3,0.47,33.23
55,3_8,2o,66.12,0.45,33.43
56,2_Q,2o,66.08,0.5,33.42
57,4_9,2o,66.06,0.44,33.51
58,2_J,2o,66.04,0.49,33.48
59,3_K,2o,66.02,0.47,33.51
60,2_K,1o,66.01,0.53,33.45
61,3_4,2o,65.99,0.53,33.48
62,7_8,sdifferent,65.98,2.0,32.02
63,2_T,2o,65.96,0.48,33.56
64,3_9,2o,65.9,0.45,33.65
65,2_K,1o,65.89,0.58,33.53
66,2_9,1o,65.89,0.51,33.6
67,4_K,2o,65.85,0.45,33.71
68,2_8,1o,65.82,0.5,33.67
69,2_9,1o,65.8,0.56,33.64
70,3_5,2o,65.78,0.51,33.71
71,2_8,1o,65.75,0.55,33.69
72,5_K,2o,65.73,0.43,33.85
73,6_K,2o,65.69,0.38,33.93
74,4_6,2o,65.67,0.45,33.88
75,3_8,1o,65.65,0.5,33.85
76,3_Q,2o,65.62,0.47,33.91
77,2_K,ssame,65.61,0.62,33.77
78,2_Q,1o,65.6,0.53,33.87
79,4_9,1o,65.6,0.5,33.9
80,3_J,2o,65.58,0.46,33.97
81,3_8,1o,65.57,0.54,33.89
82,3_K,1o,65.56,0.52,33.92
83,2_J,1o,65.56,0.52,33.92
84,5_T,2o,65.54,0.42,34.05
85,6_J,2o,65.54,0.38,34.08
86,3_4,1o,65.53,0.59,33.87
87,3_4,1o,65.52,0.58,33.9
88,2_9,ssame,65.51,0.6,33.89
89,3_T,2o,65.5,0.45,34.05
90,4_9,1o,65.49,0.52,33.99
91,2_T,1o,65.48,0.51,34.0
92,2_Q,1o,65.48,0.58,33.94
93,2_8,ssame,65.46,0.59,33.95
94,2_J,1o,65.45,0.57,33.98
95,4_Q,2o,65.44,0.44,34.12
96,3_9,1o,65.43,0.5,34.07
97,3_K,1o,65.43,0.55,34.03
98,4_J,2o,65.4,0.43,34.17
99,4_K,1o,65.39,0.51,34.1
100,2_T,1o,65.39,0.56,34.05
101,3_5,1o,65.33,0.58,34.08
102,4_T,2o,65.33,0.42,34.25
103,3_9,1o,65.33,0.53,34.14
104,5_Q,2o,65.32,0.43,34.25
105,3_5,1o,65.3,0.56,34.13
106,6_Q,2o,65.29,0.38,34.33
107,3_8,ssame,65.29,0.59,34.12
108,5_J,2o,65.28,0.42,34.31
109,5_K,1o,65.28,0.5,34.22
110,4_K,1o,65.24,0.53,34.23
111,6_K,1o,65.24,0.46,34.3
112,4_6,1o,65.22,0.53,34.25
113,4_9,ssame,65.22,0.59,34.19
114,4_6,1o,65.19,0.52,34.3
115,2_Q,ssame,65.19,0.62,34.19
116,3_4,ssame,65.18,0.65,34.17
117,2_J,ssame,65.16,0.61,34.23
118,3_K,ssame,65.15,0.61,34.25
119,3_Q,1o,65.14,0.52,34.34
120,5_K,1o,65.12,0.51,34.37
121,2_T,ssame,65.1,0.6,34.3
122,3_J,1o,65.1,0.51,34.39
123,6_K,1o,65.09,0.46,34.45
124,5_T,1o,65.08,0.49,34.42
125,6_J,1o,65.08,0.46,34.46
126,3_9,ssame,65.05,0.59,34.36
127,3_T,1o,65.02,0.5,34.47
128,3_Q,1o,65.01,0.55,34.44
129,3_J,1o,64.98,0.54,34.48
130,4_K,ssame,64.97,0.6,34.43
131,4_Q,1o,64.97,0.51,34.51
132,3_5,ssame,64.97,0.64,34.39
133,5_T,1o,64.96,0.5,34.54
134,6_J,1o,64.94,0.46,34.59
135,4_J,1o,64.93,0.5,34.57
136,3_T,1o,64.92,0.53,34.54
137,4_8,2o,64.89,0.43,34.68
138,5_K,ssame,64.86,0.59,34.55
139,5_Q,1o,64.86,0.5,34.64
140,4_T,1o,64.85,0.49,34.65
141,4_6,ssame,64.85,0.6,34.55
142,5_9,2o,64.84,0.42,34.75
143,4_Q,1o,64.83,0.53,34.64
144,6_Q,1o,64.82,0.46,34.71
145,6_K,ssame,64.82,0.54,34.63
146,5_J,1o,64.82,0.49,34.69
147,4_J,1o,64.8,0.52,34.68
148,4_T,1o,64.74,0.51,34.75
149,3_Q,ssame,64.72,0.61,34.67
150,5_Q,1o,64.71,0.51,34.79
151,3_J,ssame,64.7,0.6,34.71
152,5_T,ssame,64.69,0.58,34.73
153,5_J,1o,64.68,0.5,34.82
154,6_Q,1o,64.67,0.46,34.87
155,6_J,ssame,64.67,0.55,34.78
156,3_T,ssame,64.63,0.59,34.78
157,4_Q,ssame,64.55,0.6,34.85
158,4_J,ssame,64.52,0.59,34.89
159,4_T,ssame,64.46,0.58,34.96
160,5_Q,ssame,64.44,0.59,34.98
161,5_J,ssame,64.41,0.58,35.01
162,6_Q,ssame,64.4,0.55,35.06
163,6_T,2o,64.4,0.37,35.23
164,2_6,sdifferent,64.4,0.51,35.09
165,4_8,1o,64.4,0.5,35.1
166,4_5,2o,64.38,0.49,35.14
167,5_9,1o,64.36,0.5,35.14
168,4_8,1o,64.32,0.51,35.17
169,5_6,2o,64.27,0.43,35.29
170,5_9,1o,64.24,0.5,35.25
171,4_8,ssame,64.01,0.58,35.41
172,5_9,ssame,63.95,0.58,35.47
173,6_T,1o,63.92,0.46,35.63
174,4_5,1o,63.9,0.56,35.54
175,4_5,1o,63.88,0.56,35.57
176,2_3,sdifferent,63.84,0.58,35.58
177,6_T,1o,63.8,0.46,35.74
178,5_6,1o,63.78,0.52,35.7
179,5_6,1o,63.77,0.51,35.72
180,6_9,2o,63.7,0.38,35.92
181,5_8,2o,63.67,0.41,35.92
182,4_5,ssame,63.51,0.63,35.86
183,6_T,ssame,63.49,0.54,35.97
184,2_4,sdifferent,63.4,0.56,36.04
185,5_6,ssame,63.39,0.59,36.02
186,2_5,sdifferent,63.21,0.54,36.24
187,6_9,1o,63.19,0.46,36.35
188,5_8,1o,63.17,0.49,36.35
189,6_9,1o,63.08,0.46,36.46
190,5_8,1o,63.07,0.5,36.43
191,3_6,sdifferent,63.07,0.5,36.43
192,6_9,ssame,62.75,0.54,36.71
193,5_8,ssame,62.74,0.57,36.69
194,6_8,2o,62.54,0.37,37.09
195,2_K,sdifferent,62.35,0.51,37.14
196,2_9,sdifferent,62.26,0.49,37.24
197,2_8,sdifferent,62.22,0.49,37.29
198,3_4,sdifferent,62.06,0.55,37.39
199,3_8,sdifferent,62.06,0.49,37.45
200,4_9,sdifferent,62.0,0.48,37.52
201,6_8,1o,62.0,0.45,37.55
202,2_Q,sdifferent,61.97,0.51,37.52
203,2_J,sdifferent,61.95,0.5,37.55
204,3_K,sdifferent,61.94,0.5,37.57
205,6_8,1o,61.91,0.46,37.63
206,2_T,sdifferent,61.9,0.49,37.61
207,3_5,sdifferent,61.88,0.54,37.59
208,3_9,sdifferent,61.85,0.49,37.67
209,4_K,sdifferent,61.78,0.49,37.73
210,4_6,sdifferent,61.76,0.49,37.74
211,5_K,sdifferent,61.68,0.48,37.84
212,6_K,sdifferent,61.64,0.44,37.91
213,3_Q,sdifferent,61.56,0.5,37.94
214,6_8,ssame,61.54,0.53,37.92
215,3_J,sdifferent,61.54,0.49,37.97
216,5_T,sdifferent,61.53,0.48,37.99
217,6_J,sdifferent,61.51,0.44,38.04
218,3_T,sdifferent,61.48,0.48,38.03
219,4_Q,sdifferent,61.41,0.49,38.1
220,4_J,sdifferent,61.38,0.48,38.13
221,4_T,sdifferent,61.33,0.48,38.19
222,5_Q,sdifferent,61.31,0.48,38.21
223,5_J,sdifferent,61.28,0.47,38.24
224,6_Q,sdifferent,61.27,0.44,38.29
225,8_Q,2o,61.2,0.38,38.43
226,4_8,sdifferent,60.93,0.48,38.59
227,5_9,sdifferent,60.87,0.48,38.65
228,4_5,sdifferent,60.57,0.53,38.9
229,8_Q,1o,60.53,0.46,39.01
230,8_Q,1o,60.5,0.46,39.04
231,5_6,sdifferent,60.47,0.49,39.04
232,6_T,sdifferent,60.47,0.44,39.09
233,8_J,2o,60.44,0.37,39.19
234,8_Q,ssame,59.97,0.54,39.49
235,6_9,sdifferent,59.81,0.44,39.75
236,5_8,sdifferent,59.8,0.47,39.72
237,8_J,1o,59.77,0.45,39.77
238,8_J,1o,59.74,0.45,39.81
239,8_T,2o,59.48,0.36,40.16
240,9_J,2o,59.26,0.38,40.36
241,8_J,ssame,59.21,0.53,40.26
242,8_9,2o,58.95,0.37,40.68
243,8_T,1o,58.79,0.45,40.76
244,8_T,1o,58.78,0.45,40.78
245,6_8,sdifferent,58.74,0.44,40.82
246,9_J,1o,58.56,0.46,40.98
247,9_J,1o,58.55,0.46,40.99
248,9_T,2o,58.3,0.37,41.33
249,8_9,1o,58.26,0.45,41.3
250,8_9,1o,58.24,0.45,41.31
251,8_T,ssame,58.22,0.53,41.26
252,9_J,ssame,57.92,0.54,41.53
253,8_9,ssame,57.66,0.53,41.81
254,9_T,1o,57.58,0.46,41.96
255,9_T,1o,57.58,0.45,41.96
256,8_Q,sdifferent,57.35,0.44,42.21
257,9_T,ssame,56.94,0.54,42.53
258,8_J,sdifferent,56.67,0.44,42.89
259,8_K,2o,56.62,6.51,36.87
260,8_K,1o,55.94,6.64,37.41
261,8_K,1o,55.9,6.64,37.46
262,8_T,sdifferent,55.8,0.43,43.77
263,9_J,sdifferent,55.57,0.44,43.98
264,8_K,ssame,55.41,6.78,37.81
265,8_9,sdifferent,55.31,0.43,44.26
266,9_T,sdifferent,54.7,0.44,44.86
267,9_Q,2o,53.97,6.44,39.6
268,9_K,2o,53.58,2.32,44.09
269,9_Q,1o,53.22,6.57,40.21
270,9_Q,1o,53.2,6.57,40.23
271,8_K,sdifferent,53.13,6.1,40.77
272,9_K,1o,52.86,2.42,44.72
273,9_K,1o,52.83,2.42,44.75
274,9_Q,ssame,52.54,6.7,40.76
275,9_K,ssame,52.24,2.52,45.24
276,6_A,2o,52.05,26.31,21.64
277,T_J,2o,51.53,6.39,42.07
278,6_A,1o,51.37,26.7,21.93
279,2_A,2o,51.18,26.82,21.99
280,3_A,2o,50.75,26.69,22.56
281,T_J,1o,50.74,6.53,42.74
282,T_J,1o,50.73,6.53,42.75
283,9_Q,sdifferent,50.67,6.03,43.3
284,4_A,2o,50.62,26.57,22.8
285,T_Q,2o,50.6,2.08,47.32
286,T_K,2o,50.59,1.75,47.66
287,5_A,2o,50.51,26.5,22.98
288,2_A,1o,50.43,27.22,22.35
289,9_K,sdifferent,50.32,2.24,47.44
290,T_J,ssame,50.0,6.66,43.34
291,3_A,1o,50.0,27.1,22.9
292,2_2,2o,50.0,0.61,49.38
293,J_K,2o,49.94,1.17,48.88
294,4_A,1o,49.89,26.99,23.13
295,T_K,1o,49.81,1.84,48.35
296,5_A,1o,49.79,26.92,23.29
297,T_Q,1o,49.79,2.18,48.03
298,T_K,1o,49.78,1.84,48.38
299,Q_K,2o,49.77,0.6,49.63
300,T_Q,1o,49.77,2.18,48.05
301,2_2,1o,49.6,0.65,49.75
302,J_Q,2o,49.45,1.55,49.0
303,J_K,1o,49.15,1.26,49.59
304,T_K,ssame,49.14,1.93,48.93
305,J_K,1o,49.13,1.26,49.61
306,6_A,sdifferent,49.11,24.84,26.05
307,T_Q,ssame,49.05,2.27,48.68
308,Q_K,1o,48.96,0.68,50.36
309,Q_K,1o,48.95,0.68,50.37
310,3_3,2o,48.9,0.54,50.55
311,J_Q,1o,48.62,1.64,49.74
312,J_Q,1o,48.62,1.64,49.74
313,3_3,1o,48.51,0.6,50.89
314,J_K,ssame,48.47,1.35,50.18
315,T_J,sdifferent,48.43,5.99,45.58
316,Q_K,ssame,48.28,0.76,50.96
317,2_A,sdifferent,48.25,25.32,26.43
318,4_4,2o,47.91,0.49,51.6
319,J_Q,ssame,47.87,1.73,50.4
320,3_A,sdifferent,47.86,25.21,26.93
321,4_A,sdifferent,47.76,25.1,27.13
322,5_A,sdifferent,47.67,25.04,27.28
323,T_Q,sdifferent,47.54,2.02,50.45
324,T_K,sdifferent,47.53,1.71,50.76
325,4_4,1o,47.52,0.56,51.92
326,5_5,2o,46.98,0.44,52.58
327,J_K,sdifferent,46.92,1.18,51.9
328,Q_K,sdifferent,46.74,0.65,52.62
329,5_5,1o,46.59,0.52,52.89
330,J_Q,sdifferent,46.46,1.52,52.01
331,6_6,2o,46.27,0.38,53.35
332,6_6,1o,45.88,0.46,53.66
333,7_7,2o,33.13,2.58,64.29
334,8_8,2o,32.75,0.33,66.92
335,9_9,2o,32.71,0.34,66.95
336,K_K,2o,32.42,0.34,67.24
337,J_J,2o,32.19,0.33,67.48
338,8_8,1o,32.16,0.41,67.43
339,T_T,2o,32.14,0.32,67.53
340,9_9,1o,32.1,0.42,67.47
341,Q_Q,2o,32.01,0.34,67.65
342,K_K,1o,31.78,0.42,67.79
343,J_J,1o,31.56,0.42,68.02
344,T_T,1o,31.53,0.41,68.06
345,Q_Q,1o,31.37,0.42,68.21
346,K_A,2o,28.77,4.48,66.75
347,Q_A,2o,28.36,5.59,66.05
348,J_A,2o,28.35,7.47,64.18
349,T_A,2o,28.02,10.09,61.89
350,9_A,2o,27.96,14.78,57.26
351,8_A,2o,27.57,19.98,52.44
352,K_A,1o,27.46,4.6,67.94
353,K_A,sdifferent,27.16,4.29,68.55
354,J_A,1o,27.05,7.63,65.33
355,Q_A,1o,27.05,5.72,67.23
356,J_A,sdifferent,26.78,7.18,66.04
357,Q_A,sdifferent,26.78,5.38,67.84
358,T_A,1o,26.73,10.28,62.99
359,9_A,1o,26.69,15.01,58.3
360,T_A,sdifferent,26.49,9.65,63.85
361,9_A,sdifferent,26.45,14.05,59.5
362,8_A,1o,26.31,20.29,53.39
363,8_A,sdifferent,26.11,18.93,54.95
364,A_A,2o,11.31,1.3,87.38
365,7_A,sdifferent,7.16,85.68,7.16
366,7_A,2o,7.16,90.67,2.17
