,vs_Hand,type,Equity_%,Draws_%,Loses_%
0,2_7,2o,75.13,4.06,20.81
1,2_7,1o,74.67,4.16,21.17
2,7_Q,2o,74.46,3.45,22.08
3,7_Q,1o,73.99,3.59,22.43
4,3_7,2o,73.57,3.92,22.51
5,3_7,1o,73.08,4.06,22.86
6,7_J,2o,73.03,3.35,23.63
7,7_J,1o,72.53,3.5,23.98
8,4_7,2o,72.02,3.79,24.19
9,7_T,2o,71.6,3.24,25.16
10,4_7,1o,71.49,3.96,24.55
11,7_T,1o,71.08,3.4,25.52
12,2_7,sdifferent,70.78,3.88,25.34
13,5_7,2o,70.47,3.66,25.86
14,7_9,2o,70.27,3.14,26.58
15,7_Q,sdifferent,70.12,3.35,26.53
16,5_7,1o,69.92,3.85,26.23
17,7_9,1o,69.72,3.32,26.96
18,6_7,2o,69.34,3.5,27.16
19,3_7,sdifferent,69.32,3.79,26.89
20,7_8,2o,69.27,3.04,27.69
21,7_J,sdifferent,68.79,3.27,27.94
22,6_7,1o,68.76,3.71,27.53
23,7_8,1o,68.68,3.24,28.07
24,2_6,2o,68.38,0.71,30.91
25,2_6,1o,68.0,0.79,31.21
26,2_6,1o,67.94,0.74,31.31
27,4_7,sdifferent,67.88,3.69,28.43
28,2_6,ssame,67.7,0.82,31.48
29,2_3,2o,67.6,0.79,31.61
30,7_T,sdifferent,67.47,3.19,29.34
31,2_3,1o,67.17,0.84,31.98
32,2_3,1o,67.16,0.82,32.02
33,2_4,2o,67.11,0.76,32.12
34,3_6,2o,66.94,0.68,32.38
35,2_5,2o,66.91,0.74,32.35
36,2_3,ssame,66.81,0.88,32.31
37,2_4,1o,66.69,0.83,32.48
38,2_4,1o,66.66,0.8,32.54
39,3_6,1o,66.52,0.76,32.71
40,2_5,1o,66.49,0.82,32.69
41,3_6,1o,66.48,0.74,32.79
42,2_5,1o,66.45,0.78,32.77
43,5_7,sdifferent,66.44,3.59,29.97
44,2_4,ssame,66.32,0.87,32.81
45,7_9,sdifferent,66.23,3.11,30.66
46,2_8,2o,66.19,0.7,33.1
47,3_6,ssame,66.19,0.82,32.99
48,2_5,ssame,66.11,0.86,33.03
49,3_8,2o,66.01,0.68,33.3
50,2_Q,2o,65.89,0.72,33.39
51,2_J,2o,65.84,0.71,33.45
52,2_9,2o,65.84,0.7,33.46
53,2_T,2o,65.77,0.7,33.53
54,2_8,1o,65.7,0.74,33.56
55,3_4,2o,65.67,0.74,33.59
56,2_8,1o,65.65,0.79,33.56
57,6_J,2o,65.63,0.6,33.77
58,4_6,2o,65.54,0.66,33.8
59,4_9,2o,65.54,0.66,33.81
60,3_8,1o,65.53,0.74,33.73
61,3_8,1o,65.47,0.77,33.76
62,3_5,2o,65.47,0.72,33.82
63,3_Q,2o,65.43,0.69,33.88
64,2_Q,1o,65.39,0.76,33.85
65,6_Q,2o,65.38,0.6,34.02
66,3_9,2o,65.38,0.67,33.95
67,3_J,2o,65.38,0.68,33.93
68,6_7,sdifferent,65.38,3.46,31.16
69,2_J,1o,65.35,0.75,33.9
70,2_8,ssame,65.35,0.82,33.83
71,2_9,1o,65.34,0.74,33.92
72,5_T,2o,65.34,0.64,34.02
73,3_T,2o,65.31,0.67,34.02
74,2_Q,1o,65.3,0.8,33.89
75,7_8,sdifferent,65.29,3.03,31.68
76,2_9,1o,65.29,0.79,33.92
77,2_J,1o,65.28,0.79,33.93
78,2_T,1o,65.27,0.74,33.99
79,4_Q,2o,65.25,0.67,34.08
80,2_T,1o,65.22,0.78,34.0
81,3_4,1o,65.21,0.81,33.98
82,4_J,2o,65.21,0.66,34.14
83,3_4,1o,65.19,0.79,34.01
84,6_J,1o,65.18,0.68,34.14
85,3_8,ssame,65.17,0.82,34.0
86,4_T,2o,65.13,0.65,34.22
87,5_Q,2o,65.13,0.65,34.22
88,5_J,2o,65.09,0.64,34.27
89,4_6,1o,65.08,0.74,34.17
90,6_J,1o,65.07,0.68,34.26
91,4_9,1o,65.06,0.73,34.22
92,4_6,1o,65.05,0.73,34.22
93,3_5,1o,65.01,0.8,34.19
94,2_Q,ssame,65.0,0.84,34.16
95,2_9,ssame,64.98,0.82,34.2
96,3_5,1o,64.98,0.77,34.24
97,4_9,1o,64.98,0.74,34.28
98,2_J,ssame,64.97,0.83,34.2
99,3_Q,1o,64.93,0.75,34.32
100,6_Q,1o,64.93,0.68,34.4
101,2_T,ssame,64.91,0.82,34.27
102,3_J,1o,64.89,0.74,34.37
103,3_9,1o,64.88,0.73,34.39
104,5_T,1o,64.87,0.72,34.41
105,3_Q,1o,64.84,0.77,34.39
106,3_9,1o,64.82,0.76,34.42
107,3_J,1o,64.81,0.76,34.43
108,3_4,ssame,64.81,0.86,34.33
109,3_T,1o,64.81,0.73,34.46
110,6_J,ssame,64.8,0.76,34.44
111,5_T,1o,64.79,0.72,34.49
112,4_8,2o,64.79,0.66,34.55
113,6_Q,1o,64.79,0.68,34.53
114,4_Q,1o,64.76,0.74,34.5
115,3_T,1o,64.75,0.75,34.49
116,4_J,1o,64.72,0.73,34.55
117,4_6,ssame,64.72,0.81,34.47
118,4_9,ssame,64.69,0.81,34.5
119,4_Q,1o,64.66,0.75,34.6
120,5_Q,1o,64.65,0.73,34.62
121,4_T,1o,64.64,0.72,34.64
122,4_J,1o,64.63,0.74,34.63
123,5_J,1o,64.61,0.72,34.67
124,3_5,ssame,64.6,0.85,34.55
125,4_T,1o,64.57,0.73,34.7
126,3_Q,ssame,64.53,0.83,34.64
127,5_Q,1o,64.53,0.73,34.74
128,6_Q,ssame,64.52,0.76,34.72
129,5_J,1o,64.51,0.72,34.77
130,3_J,ssame,64.51,0.82,34.67
131,3_9,ssame,64.51,0.81,34.67
132,6_T,2o,64.5,0.59,34.91
133,5_T,ssame,64.5,0.8,34.7
134,3_T,ssame,64.44,0.81,34.75
135,4_Q,ssame,64.36,0.82,34.82
136,4_J,ssame,64.33,0.81,34.86
137,5_9,2o,64.31,0.64,35.04
138,2_6,sdifferent,64.28,0.71,35.01
139,4_8,1o,64.28,0.73,34.99
140,4_T,ssame,64.27,0.8,34.93
141,5_Q,ssame,64.25,0.81,34.95
142,5_J,ssame,64.22,0.8,34.98
143,4_8,1o,64.22,0.75,35.04
144,5_6,2o,64.14,0.65,35.22
145,4_5,2o,64.06,0.7,35.24
146,6_T,1o,64.02,0.67,35.31
147,6_T,1o,63.92,0.67,35.41
148,4_8,ssame,63.9,0.81,35.29
149,5_9,1o,63.82,0.72,35.46
150,5_9,1o,63.73,0.73,35.54
151,5_6,1o,63.65,0.73,35.62
152,5_6,1o,63.63,0.72,35.65
153,6_T,ssame,63.62,0.75,35.63
154,4_5,1o,63.57,0.78,35.65
155,5_8,2o,63.56,0.65,35.79
156,4_5,1o,63.56,0.77,35.68
157,2_3,sdifferent,63.54,0.77,35.68
158,6_9,2o,63.47,0.59,35.94
159,5_9,ssame,63.42,0.8,35.78
160,5_6,ssame,63.26,0.8,35.94
161,4_5,ssame,63.13,0.84,36.02
162,2_4,sdifferent,63.1,0.76,36.14
163,5_8,1o,63.04,0.72,36.23
164,5_8,1o,62.97,0.73,36.3
165,6_9,1o,62.96,0.67,36.37
166,3_6,sdifferent,62.94,0.7,36.36
167,2_5,sdifferent,62.92,0.74,36.34
168,6_9,1o,62.87,0.68,36.46
169,6_8,2o,62.72,0.6,36.69
170,5_8,ssame,62.63,0.81,36.57
171,6_9,ssame,62.54,0.75,36.71
172,6_8,1o,62.19,0.67,37.14
173,2_8,sdifferent,62.11,0.7,37.19
174,6_8,1o,62.1,0.68,37.22
175,3_8,sdifferent,61.95,0.7,37.35
176,2_Q,sdifferent,61.8,0.72,37.49
177,2_9,sdifferent,61.78,0.7,37.52
178,2_J,sdifferent,61.77,0.71,37.52
179,3_4,sdifferent,61.76,0.75,37.49
180,6_8,ssame,61.74,0.75,37.5
181,2_T,sdifferent,61.72,0.7,37.58
182,4_6,sdifferent,61.64,0.69,37.67
183,6_J,sdifferent,61.61,0.65,37.74
184,3_5,sdifferent,61.58,0.73,37.69
185,4_9,sdifferent,61.52,0.69,37.79
186,3_Q,sdifferent,61.38,0.71,37.91
187,3_9,sdifferent,61.37,0.69,37.94
188,6_Q,sdifferent,61.37,0.65,37.99
189,3_J,sdifferent,61.36,0.7,37.94
190,5_T,sdifferent,61.35,0.68,37.96
191,3_T,sdifferent,61.3,0.69,38.0
192,4_Q,sdifferent,61.23,0.7,38.07
193,4_J,sdifferent,61.2,0.69,38.1
194,4_T,sdifferent,61.15,0.68,38.17
195,5_Q,sdifferent,61.13,0.69,38.18
196,5_J,sdifferent,61.1,0.68,38.21
197,4_8,sdifferent,60.82,0.7,38.49
198,6_T,sdifferent,60.57,0.64,38.79
199,8_J,2o,60.43,0.61,38.96
200,5_9,sdifferent,60.39,0.69,38.92
201,5_6,sdifferent,60.34,0.69,38.97
202,4_5,sdifferent,60.28,0.73,39.0
203,8_J,1o,59.77,0.69,39.54
204,8_J,1o,59.76,0.69,39.55
205,5_8,sdifferent,59.69,0.69,39.62
206,6_9,sdifferent,59.61,0.64,39.75
207,8_T,2o,59.47,0.6,39.93
208,8_J,ssame,59.22,0.77,40.01
209,8_9,2o,58.95,0.6,40.45
210,6_8,sdifferent,58.91,0.64,40.45
211,8_T,1o,58.79,0.68,40.52
212,8_T,1o,58.79,0.68,40.53
213,8_9,1o,58.26,0.68,41.06
214,8_9,1o,58.25,0.68,41.06
215,8_T,ssame,58.24,0.76,41.0
216,9_T,2o,58.12,0.6,41.28
217,8_9,ssame,57.68,0.76,41.56
218,9_T,1o,57.4,0.68,41.92
219,9_T,1o,57.4,0.68,41.91
220,9_T,ssame,56.8,0.76,42.43
221,8_J,sdifferent,56.67,0.66,42.67
222,8_T,sdifferent,55.8,0.65,43.55
223,8_9,sdifferent,55.31,0.65,44.04
224,8_Q,2o,55.01,6.79,38.2
225,9_T,sdifferent,54.53,0.65,44.82
226,8_Q,1o,54.3,6.92,38.77
227,8_Q,1o,54.29,6.92,38.79
228,8_Q,ssame,53.71,7.06,39.23
229,9_J,2o,52.94,6.74,40.32
230,2_K,2o,52.56,26.63,20.81
231,9_J,1o,52.19,6.87,40.93
232,9_J,1o,52.18,6.87,40.94
233,3_K,2o,52.12,26.5,21.38
234,6_K,2o,52.01,26.38,21.6
235,4_K,2o,52.0,26.38,21.62
236,9_Q,2o,51.97,2.35,45.68
237,5_K,2o,51.89,26.31,21.8
238,2_K,1o,51.83,27.0,21.17
239,8_Q,sdifferent,51.65,6.36,41.99
240,9_J,ssame,51.56,7.0,41.44
241,3_K,1o,51.39,26.89,21.72
242,6_K,1o,51.33,26.78,21.89
243,4_K,1o,51.28,26.77,21.94
244,9_Q,1o,51.2,2.45,46.35
245,9_Q,1o,51.19,2.45,46.36
246,5_K,1o,51.19,26.71,22.11
247,9_Q,ssame,50.56,2.54,46.9
248,2_2,2o,50.12,0.9,48.98
249,9_J,sdifferent,49.74,6.32,43.94
250,2_2,1o,49.71,0.93,49.35
251,T_J,2o,49.57,2.31,48.12
252,2_K,sdifferent,49.53,25.13,25.34
253,3_K,sdifferent,49.14,25.02,25.84
254,3_3,2o,49.09,0.76,50.15
255,6_K,sdifferent,49.07,24.92,26.01
256,4_K,sdifferent,49.04,24.91,26.05
257,T_Q,2o,48.98,1.97,49.05
258,5_K,sdifferent,48.95,24.85,26.2
259,9_Q,sdifferent,48.82,2.27,48.92
260,T_J,1o,48.77,2.4,48.83
261,T_J,1o,48.76,2.4,48.84
262,3_3,1o,48.68,0.82,50.5
263,T_Q,1o,48.16,2.06,49.77
264,T_Q,1o,48.15,2.06,49.79
265,4_4,2o,48.15,0.65,51.2
266,T_J,ssame,48.07,2.49,49.44
267,J_Q,2o,48.01,1.6,50.39
268,4_4,1o,47.75,0.72,51.53
269,T_Q,ssame,47.46,2.15,50.39
270,5_5,2o,47.26,0.55,52.18
271,J_Q,1o,47.18,1.69,51.14
272,J_Q,1o,47.18,1.69,51.14
273,5_5,1o,46.87,0.63,52.5
274,T_J,sdifferent,46.61,2.22,51.16
275,6_6,2o,46.52,0.45,53.04
276,J_Q,ssame,46.46,1.77,51.76
277,2_A,2o,46.38,2.3,51.32
278,6_6,1o,46.13,0.53,53.34
279,T_Q,sdifferent,46.04,1.92,52.05
280,3_A,2o,45.96,2.27,51.76
281,4_A,2o,45.63,2.29,52.08
282,2_A,1o,45.62,2.36,52.02
283,5_A,2o,45.26,2.31,52.43
284,3_A,1o,45.21,2.35,52.44
285,J_Q,sdifferent,45.13,1.57,53.3
286,2_A,1o,44.97,2.4,52.62
287,4_A,1o,44.89,2.38,52.73
288,3_A,1o,44.55,2.37,53.08
289,5_A,1o,44.53,2.41,53.07
290,4_A,1o,44.21,2.39,53.4
291,5_A,1o,43.83,2.41,53.75
292,6_A,2o,43.63,4.56,51.81
293,2_A,sdifferent,43.61,2.17,54.22
294,3_A,sdifferent,43.24,2.17,54.59
295,4_A,sdifferent,42.95,2.19,54.86
296,6_A,1o,42.9,4.68,52.42
297,5_A,sdifferent,42.62,2.22,55.16
298,6_A,1o,42.19,4.68,53.13
299,6_A,sdifferent,41.12,4.3,54.58
300,2_A,ssame,40.97,2.45,56.57
301,9_A,2o,40.57,0.38,59.05
302,3_A,ssame,40.56,2.44,57.0
303,8_A,2o,40.33,0.37,59.3
304,4_A,ssame,40.22,2.47,57.3
305,5_A,ssame,39.85,2.5,57.64
306,Q_A,2o,39.67,0.41,59.93
307,9_A,1o,39.67,0.47,59.86
308,J_A,2o,39.65,0.4,59.96
309,8_A,1o,39.43,0.46,60.11
310,T_A,2o,39.36,0.39,60.26
311,9_A,1o,39.06,0.47,60.47
312,8_A,1o,38.82,0.46,60.72
313,J_A,1o,38.71,0.48,60.81
314,Q_A,1o,38.71,0.49,60.8
315,T_A,1o,38.43,0.47,61.1
316,6_A,ssame,38.21,4.79,57.0
317,9_A,sdifferent,38.16,0.45,61.39
318,Q_A,1o,38.14,0.49,61.38
319,J_A,1o,38.12,0.48,61.4
320,8_A,sdifferent,37.94,0.44,61.62
321,T_A,1o,37.83,0.47,61.7
322,Q_A,sdifferent,37.28,0.46,62.25
323,J_A,sdifferent,37.28,0.46,62.26
324,T_A,sdifferent,37.03,0.45,62.52
325,9_A,ssame,34.91,0.55,64.54
326,8_A,ssame,34.66,0.54,64.8
327,J_A,ssame,33.93,0.56,65.51
328,Q_A,ssame,33.93,0.57,65.5
329,T_A,ssame,33.64,0.55,65.81
330,7_7,2o,33.05,2.66,64.29
331,8_8,2o,32.75,0.41,66.85
332,9_9,2o,32.2,0.37,67.43
333,8_8,1o,32.15,0.49,67.36
334,J_J,2o,31.7,0.34,67.96
335,T_T,2o,31.64,0.34,68.02
336,9_9,1o,31.6,0.45,67.95
337,Q_Q,2o,31.52,0.35,68.13
338,J_J,1o,31.08,0.42,68.5
339,T_T,1o,31.04,0.42,68.54
340,Q_Q,1o,30.89,0.43,68.68
341,K_A,2o,28.77,1.15,70.08
342,Q_K,2o,28.12,5.47,66.41
343,J_K,2o,28.1,7.32,64.58
344,7_A,2o,27.97,2.8,69.23
345,T_K,2o,27.77,9.72,62.5
346,9_K,2o,27.71,14.07,58.21
347,8_K,2o,27.61,20.0,52.39
348,K_A,sdifferent,27.16,1.19,71.65
349,K_A,1o,27.0,1.26,71.74
350,J_K,1o,26.8,7.5,65.7
351,Q_K,1o,26.8,5.62,67.58
352,J_K,sdifferent,26.56,7.05,66.39
353,Q_K,sdifferent,26.56,5.28,68.16
354,T_K,1o,26.48,9.93,63.59
355,7_A,sdifferent,26.45,2.7,70.85
356,9_K,1o,26.44,14.31,59.25
357,8_K,1o,26.36,20.3,53.34
358,T_K,sdifferent,26.27,9.32,64.41
359,9_K,sdifferent,26.23,13.4,60.37
360,7_A,1o,26.2,2.93,70.88
361,8_K,sdifferent,26.15,18.94,54.91
362,A_A,2o,16.97,0.33,82.7
363,A_A,1o,15.64,0.41,83.96
364,K_K,2o,11.31,1.33,87.36
365,7_K,2o,7.16,90.67,2.17
366,7_K,sdifferent,7.16,85.68,7.16
