,vs_Hand,type,Equity_%,Draws_%,Loses_%
0,2_7,2o,74.42,4.77,20.81
1,2_7,1o,73.96,4.87,21.17
2,3_7,2o,72.87,4.62,22.51
3,3_7,1o,72.38,4.76,22.86
4,7_J,2o,72.3,4.08,23.63
5,7_J,1o,71.82,4.21,23.97
6,4_7,2o,71.33,4.48,24.19
7,7_T,2o,70.87,3.97,25.16
8,4_7,1o,70.8,4.65,24.55
9,7_T,1o,70.36,4.12,25.52
10,2_7,sdifferent,70.07,4.58,25.34
11,5_7,2o,69.79,4.34,25.86
12,7_9,2o,69.54,3.87,26.58
13,5_7,1o,69.23,4.54,26.23
14,7_9,1o,69.0,4.04,26.96
15,6_7,2o,68.67,4.17,27.16
16,3_7,sdifferent,68.63,4.48,26.89
17,7_8,2o,68.54,3.77,27.69
18,2_6,2o,68.12,0.96,30.91
19,6_7,1o,68.09,4.38,27.53
20,7_J,sdifferent,68.08,3.98,27.94
21,7_8,1o,67.97,3.96,28.07
22,2_6,1o,67.75,1.04,31.21
23,2_6,1o,67.69,1.0,31.31
24,2_6,ssame,67.44,1.08,31.48
25,2_3,2o,67.35,1.04,31.61
26,4_7,sdifferent,67.19,4.38,28.43
27,2_3,1o,66.92,1.1,31.98
28,2_3,1o,66.9,1.08,32.02
29,2_4,2o,66.86,1.02,32.12
30,7_T,sdifferent,66.76,3.89,29.34
31,3_6,2o,66.68,0.94,32.38
32,2_5,2o,66.65,1.0,32.35
33,2_3,ssame,66.56,1.14,32.31
34,2_4,1o,66.43,1.09,32.48
35,2_4,1o,66.41,1.06,32.54
36,3_6,1o,66.27,1.02,32.71
37,2_5,1o,66.23,1.08,32.69
38,3_6,1o,66.22,0.99,32.79
39,2_5,1o,66.19,1.04,32.77
40,2_4,ssame,66.06,1.12,32.81
41,3_6,ssame,65.94,1.07,32.99
42,2_5,ssame,65.85,1.11,33.03
43,5_7,sdifferent,65.76,4.27,29.97
44,2_8,2o,65.65,0.96,33.4
45,2_J,2o,65.64,0.96,33.4
46,2_9,2o,65.58,0.96,33.46
47,2_T,2o,65.56,0.95,33.48
48,7_9,sdifferent,65.52,3.82,30.66
49,3_8,2o,65.47,0.94,33.6
50,6_J,2o,65.46,0.85,33.69
51,3_4,2o,65.42,0.99,33.59
52,4_9,2o,65.28,0.91,33.81
53,4_6,2o,65.28,0.92,33.8
54,3_5,2o,65.21,0.97,33.82
55,3_J,2o,65.18,0.93,33.89
56,2_8,1o,65.15,0.99,33.86
57,2_J,1o,65.14,1.0,33.86
58,5_T,2o,65.14,0.89,33.97
59,3_9,2o,65.12,0.93,33.95
60,3_T,2o,65.1,0.93,33.97
61,2_8,1o,65.1,1.04,33.86
62,2_9,1o,65.08,0.99,33.93
63,2_J,1o,65.07,1.05,33.88
64,2_T,1o,65.06,0.99,33.95
65,2_9,1o,65.03,1.04,33.93
66,2_T,1o,65.01,1.04,33.95
67,6_J,1o,65.01,0.93,34.06
68,4_J,2o,65.0,0.91,34.09
69,3_8,1o,64.97,0.99,34.03
70,3_4,1o,64.96,1.06,33.98
71,3_4,1o,64.94,1.05,34.01
72,4_T,2o,64.92,0.9,34.17
73,3_8,1o,64.92,1.02,34.06
74,6_J,1o,64.9,0.93,34.17
75,5_J,2o,64.88,0.89,34.23
76,4_6,1o,64.83,1.0,34.17
77,4_6,1o,64.8,0.98,34.22
78,4_9,1o,64.79,0.98,34.22
79,2_8,ssame,64.79,1.08,34.13
80,2_J,ssame,64.76,1.09,34.15
81,3_5,1o,64.76,1.05,34.19
82,3_5,1o,64.73,1.03,34.24
83,4_9,1o,64.72,1.0,34.28
84,2_9,ssame,64.72,1.08,34.2
85,6_7,sdifferent,64.71,4.13,31.16
86,2_T,ssame,64.7,1.08,34.22
87,3_J,1o,64.68,0.99,34.33
88,5_T,1o,64.66,0.97,34.37
89,6_J,ssame,64.63,1.01,34.35
90,3_8,ssame,64.62,1.08,34.31
91,3_9,1o,64.62,0.98,34.39
92,3_T,1o,64.6,0.98,34.41
93,3_J,1o,64.6,1.02,34.38
94,5_T,1o,64.58,0.98,34.44
95,7_8,sdifferent,64.58,3.74,31.68
96,3_9,1o,64.56,1.01,34.43
97,3_4,ssame,64.55,1.12,34.33
98,3_T,1o,64.55,1.01,34.45
99,4_J,1o,64.51,0.98,34.51
100,4_6,ssame,64.47,1.06,34.47
101,4_9,ssame,64.43,1.07,34.51
102,4_T,1o,64.43,0.97,34.59
103,4_J,1o,64.42,0.99,34.58
104,5_J,1o,64.4,0.97,34.63
105,4_T,1o,64.36,0.99,34.65
106,3_5,ssame,64.35,1.11,34.55
107,5_J,1o,64.3,0.98,34.72
108,5_T,ssame,64.3,1.06,34.65
109,3_J,ssame,64.3,1.08,34.63
110,6_T,2o,64.29,0.84,34.87
111,3_9,ssame,64.25,1.07,34.68
112,4_8,2o,64.24,0.92,34.85
113,3_T,ssame,64.23,1.07,34.7
114,4_J,ssame,64.12,1.07,34.81
115,4_T,ssame,64.06,1.06,34.88
116,5_9,2o,64.05,0.9,35.05
117,2_6,sdifferent,64.04,0.95,35.01
118,5_J,ssame,64.01,1.06,34.93
119,5_6,2o,63.88,0.9,35.22
120,6_T,1o,63.81,0.92,35.27
121,4_5,2o,63.81,0.95,35.24
122,4_8,1o,63.73,0.99,35.29
123,6_T,1o,63.71,0.93,35.36
124,4_8,1o,63.66,1.0,35.34
125,5_9,1o,63.55,0.97,35.47
126,5_9,1o,63.48,0.98,35.54
127,6_T,ssame,63.41,1.0,35.58
128,5_6,1o,63.4,0.98,35.62
129,5_6,1o,63.38,0.98,35.65
130,4_8,ssame,63.34,1.07,35.59
131,4_5,1o,63.32,1.03,35.65
132,4_5,1o,63.3,1.02,35.68
133,2_3,sdifferent,63.3,1.01,35.68
134,6_9,2o,63.21,0.85,35.95
135,5_9,ssame,63.16,1.06,35.79
136,5_8,2o,63.02,0.9,36.08
137,5_6,ssame,63.01,1.05,35.94
138,4_5,ssame,62.88,1.1,36.02
139,2_4,sdifferent,62.86,0.99,36.14
140,3_6,sdifferent,62.7,0.94,36.36
141,6_9,1o,62.7,0.93,36.38
142,2_5,sdifferent,62.68,0.98,36.34
143,6_9,1o,62.61,0.93,36.46
144,5_8,1o,62.49,0.98,36.53
145,5_8,1o,62.42,0.98,36.6
146,6_9,ssame,62.27,1.01,36.72
147,6_8,2o,62.17,0.85,36.98
148,5_8,ssame,62.07,1.06,36.87
149,6_8,1o,61.63,0.93,37.44
150,2_8,sdifferent,61.6,0.94,37.46
151,2_J,sdifferent,61.58,0.95,37.48
152,6_8,1o,61.55,0.93,37.52
153,2_9,sdifferent,61.54,0.94,37.52
154,2_T,sdifferent,61.52,0.94,37.54
155,3_4,sdifferent,61.52,0.99,37.49
156,6_J,sdifferent,61.46,0.88,37.66
157,3_8,sdifferent,61.44,0.94,37.62
158,4_6,sdifferent,61.4,0.93,37.67
159,3_5,sdifferent,61.34,0.97,37.69
160,4_9,sdifferent,61.28,0.93,37.79
161,6_8,ssame,61.18,1.01,37.81
162,3_J,sdifferent,61.16,0.94,37.9
163,5_T,sdifferent,61.16,0.92,37.92
164,3_9,sdifferent,61.13,0.93,37.94
165,3_T,sdifferent,61.11,0.93,37.96
166,4_J,sdifferent,61.01,0.93,38.06
167,4_T,sdifferent,60.95,0.92,38.12
168,5_J,sdifferent,60.91,0.92,38.17
169,6_T,sdifferent,60.38,0.88,38.75
170,4_8,sdifferent,60.31,0.93,38.75
171,5_9,sdifferent,60.15,0.92,38.93
172,5_6,sdifferent,60.11,0.92,38.97
173,4_5,sdifferent,60.04,0.96,39.0
174,6_9,sdifferent,59.37,0.88,39.75
175,5_8,sdifferent,59.19,0.93,39.89
176,8_T,2o,59.11,0.85,40.04
177,8_T,1o,58.42,0.94,40.64
178,8_T,1o,58.42,0.93,40.65
179,6_8,sdifferent,58.4,0.88,40.72
180,8_9,2o,58.25,0.86,40.9
181,8_T,ssame,57.9,1.02,41.08
182,8_9,1o,57.54,0.94,41.53
183,8_9,1o,57.54,0.94,41.52
184,8_9,ssame,57.0,1.02,41.99
185,8_T,sdifferent,55.45,0.89,43.66
186,8_9,sdifferent,54.65,0.89,44.46
187,8_J,2o,53.9,7.07,39.03
188,8_J,1o,53.17,7.21,39.62
189,8_J,1o,53.16,7.21,39.63
190,8_J,ssame,52.62,7.34,40.04
191,2_Q,2o,52.16,27.03,20.81
192,3_Q,2o,51.72,26.9,21.38
193,9_T,2o,51.62,6.99,41.39
194,6_Q,2o,51.61,26.79,21.6
195,4_Q,2o,51.59,26.78,21.62
196,5_Q,2o,51.48,26.71,21.8
197,2_Q,1o,51.41,27.42,21.17
198,3_Q,1o,50.98,27.3,21.72
199,6_Q,1o,50.92,27.2,21.89
200,4_Q,1o,50.87,27.19,21.94
201,9_T,1o,50.85,7.12,42.03
202,9_T,1o,50.84,7.12,42.04
203,5_Q,1o,50.77,27.12,22.11
204,9_J,2o,50.68,2.8,46.52
205,8_J,sdifferent,50.63,6.63,42.74
206,9_T,ssame,50.23,7.25,42.51
207,9_J,1o,49.91,2.9,47.19
208,9_J,1o,49.9,2.9,47.21
209,2_2,2o,49.83,1.19,48.98
210,2_2,1o,49.42,1.23,49.35
211,9_J,ssame,49.3,2.99,47.71
212,2_Q,sdifferent,49.16,25.5,25.34
213,3_3,2o,48.86,0.99,50.15
214,3_Q,sdifferent,48.76,25.39,25.84
215,6_Q,sdifferent,48.7,25.29,26.01
216,4_Q,sdifferent,48.66,25.29,26.05
217,5_Q,sdifferent,48.57,25.23,26.2
218,9_T,sdifferent,48.52,6.55,44.93
219,3_3,1o,48.45,1.05,50.5
220,4_4,2o,47.97,0.82,51.2
221,9_J,sdifferent,47.64,2.68,49.67
222,4_4,1o,47.57,0.89,51.53
223,T_J,2o,47.46,2.46,50.09
224,5_5,2o,47.14,0.68,52.18
225,2_K,2o,46.9,2.53,50.57
226,5_5,1o,46.74,0.76,52.5
227,T_J,1o,46.63,2.55,50.82
228,T_J,1o,46.61,2.55,50.84
229,3_K,2o,46.49,2.5,51.01
230,6_6,2o,46.43,0.54,53.04
231,4_K,2o,46.16,2.51,51.33
232,2_K,1o,46.16,2.58,51.26
233,6_6,1o,46.04,0.62,53.34
234,T_J,ssame,45.95,2.64,51.4
235,5_K,2o,45.78,2.54,51.68
236,3_K,1o,45.75,2.57,51.68
237,2_K,1o,45.52,2.62,51.85
238,4_K,1o,45.42,2.6,51.97
239,2_A,2o,45.17,1.71,53.13
240,3_K,1o,45.1,2.59,52.31
241,5_K,1o,45.06,2.63,52.31
242,4_K,1o,44.76,2.61,52.63
243,3_A,2o,44.75,1.68,53.57
244,T_J,sdifferent,44.64,2.37,52.99
245,2_A,1o,44.4,1.76,53.84
246,5_K,1o,44.38,2.63,52.98
247,4_A,2o,44.38,1.7,53.92
248,2_K,sdifferent,44.1,2.38,53.51
249,3_A,1o,43.99,1.75,54.26
250,2_A,1o,43.75,1.8,54.45
251,3_K,sdifferent,43.74,2.38,53.89
252,6_A,2o,43.63,0.38,55.99
253,4_A,1o,43.63,1.78,54.6
254,4_K,sdifferent,43.45,2.4,54.15
255,5_A,2o,43.38,2.3,54.32
256,3_A,1o,43.33,1.77,54.9
257,6_K,2o,43.28,4.77,51.94
258,5_K,sdifferent,43.12,2.43,54.45
259,4_A,1o,42.95,1.79,55.26
260,6_A,1o,42.9,0.46,56.63
261,5_A,1o,42.63,2.4,54.97
262,6_K,1o,42.55,4.89,52.56
263,2_A,sdifferent,42.49,1.62,55.89
264,6_A,1o,42.19,0.46,57.35
265,3_A,sdifferent,42.12,1.62,56.26
266,5_A,1o,41.94,2.4,55.66
267,6_K,1o,41.86,4.89,53.25
268,4_A,sdifferent,41.79,1.64,56.56
269,2_K,ssame,41.53,2.68,55.79
270,6_A,sdifferent,41.12,0.44,58.44
271,3_K,ssame,41.11,2.67,56.22
272,5_A,sdifferent,40.89,2.21,56.9
273,6_K,sdifferent,40.82,4.5,54.68
274,4_K,ssame,40.78,2.7,56.52
275,5_K,ssame,40.41,2.73,56.87
276,9_A,2o,40.3,0.38,59.31
277,8_A,2o,40.06,0.38,59.56
278,8_K,2o,40.04,0.61,59.34
279,2_A,ssame,39.74,1.85,58.41
280,J_A,2o,39.44,0.4,60.17
281,9_A,1o,39.41,0.47,60.12
282,3_A,ssame,39.32,1.84,58.84
283,9_K,2o,39.17,0.61,60.22
284,8_A,1o,39.16,0.46,60.38
285,8_K,1o,39.14,0.69,60.16
286,T_A,2o,39.09,0.39,60.52
287,4_A,ssame,38.95,1.87,59.18
288,9_A,1o,38.8,0.47,60.74
289,8_K,1o,38.55,0.69,60.76
290,8_A,1o,38.55,0.46,60.99
291,J_A,1o,38.5,0.48,61.02
292,J_K,2o,38.3,0.63,61.07
293,9_K,1o,38.24,0.7,61.06
294,6_A,ssame,38.21,0.54,61.25
295,T_A,1o,38.17,0.47,61.36
296,T_K,2o,37.96,0.62,61.43
297,5_A,ssame,37.94,2.49,59.56
298,9_A,sdifferent,37.92,0.45,61.63
299,J_A,1o,37.91,0.48,61.61
300,6_K,ssame,37.87,5.01,57.12
301,8_A,sdifferent,37.7,0.44,61.86
302,8_K,sdifferent,37.69,0.66,61.65
303,9_K,1o,37.65,0.7,61.66
304,T_A,1o,37.56,0.47,61.97
305,J_K,1o,37.33,0.71,61.96
306,J_A,sdifferent,37.09,0.46,62.45
307,T_K,1o,37.0,0.7,62.3
308,9_K,sdifferent,36.87,0.66,62.47
309,T_A,sdifferent,36.79,0.45,62.76
310,K_A,2o,36.78,0.41,62.82
311,J_K,1o,36.76,0.71,62.53
312,T_K,1o,36.41,0.7,62.89
313,J_K,sdifferent,36.05,0.67,63.28
314,T_K,sdifferent,35.75,0.66,63.59
315,K_A,1o,35.2,0.49,64.31
316,K_A,1o,35.19,0.49,64.33
317,9_A,ssame,34.64,0.55,64.81
318,K_A,sdifferent,34.48,0.46,65.05
319,8_K,ssame,34.39,0.78,64.84
320,8_A,ssame,34.39,0.54,65.07
321,J_A,ssame,33.71,0.56,65.73
322,9_K,ssame,33.46,0.78,65.76
323,T_A,ssame,33.37,0.55,66.08
324,7_7,2o,33.37,2.35,64.29
325,J_K,ssame,32.53,0.79,66.69
326,8_8,2o,32.39,0.46,67.15
327,T_K,ssame,32.19,0.78,67.04
328,9_9,2o,31.86,0.4,67.74
329,8_8,1o,31.79,0.55,67.67
330,J_J,2o,31.44,0.35,68.22
331,T_T,2o,31.32,0.36,68.32
332,9_9,1o,31.26,0.49,68.26
333,K_A,ssame,30.82,0.57,68.61
334,J_J,1o,30.82,0.43,68.75
335,T_T,1o,30.72,0.44,68.84
336,7_A,2o,28.37,2.39,69.23
337,Q_A,2o,28.36,1.55,70.08
338,Q_K,2o,28.12,2.52,69.36
339,7_K,2o,28.03,3.45,68.51
340,J_Q,2o,27.43,7.6,64.97
341,T_Q,2o,27.42,9.94,62.65
342,9_Q,2o,27.41,14.0,58.59
343,8_Q,2o,27.31,19.32,53.37
344,7_A,sdifferent,26.83,2.33,70.85
345,Q_A,sdifferent,26.78,1.56,71.65
346,7_A,1o,26.61,2.51,70.88
347,Q_A,1o,26.58,1.67,71.74
348,Q_K,sdifferent,26.56,2.52,70.92
349,7_K,sdifferent,26.53,3.35,70.12
350,Q_K,1o,26.33,2.66,71.0
351,7_K,1o,26.28,3.59,70.14
352,9_Q,1o,26.11,14.26,59.63
353,J_Q,1o,26.1,7.8,66.1
354,T_Q,1o,26.1,10.17,63.73
355,8_Q,1o,26.03,19.64,54.33
356,9_Q,sdifferent,25.93,13.34,60.73
357,T_Q,sdifferent,25.93,9.53,64.54
358,J_Q,sdifferent,25.93,7.32,66.75
359,8_Q,sdifferent,25.85,18.33,55.82
360,A_A,2o,16.97,0.33,82.7
361,K_K,2o,16.69,0.35,82.96
362,A_A,1o,15.63,0.41,83.96
363,K_K,1o,15.37,0.43,84.21
364,Q_Q,2o,10.91,1.83,87.26
365,7_Q,2o,7.16,90.67,2.17
366,7_Q,sdifferent,7.16,85.68,7.16
