,vs_Hand,type,Equity_%,Draws_%,Loses_%
0,2_8,2o,76.21,2.92,20.87
1,3_8,2o,76.09,2.9,21.01
2,2_8,1o,75.78,3.01,21.21
3,3_8,1o,75.65,3.0,21.35
4,8_K,2o,75.57,2.41,22.03
5,8_K,1o,75.09,2.52,22.39
6,4_8,2o,74.53,2.78,22.7
7,8_Q,2o,74.12,2.3,23.58
8,4_8,1o,74.06,2.91,23.03
9,8_Q,1o,73.63,2.43,23.94
10,5_8,2o,72.97,2.66,24.37
11,8_J,2o,72.69,2.19,25.12
12,5_8,1o,72.47,2.82,24.71
13,8_J,1o,72.17,2.34,25.49
14,2_8,sdifferent,71.84,2.78,25.38
15,3_8,sdifferent,71.72,2.77,25.51
16,6_8,2o,71.47,2.51,26.02
17,8_T,2o,71.26,2.08,26.66
18,8_K,sdifferent,71.17,2.34,26.49
19,6_8,1o,70.92,2.69,26.38
20,8_T,1o,70.71,2.25,27.03
21,7_8,2o,70.34,2.4,27.26
22,8_9,2o,70.3,1.98,27.71
23,4_8,sdifferent,70.27,2.69,27.05
24,8_Q,sdifferent,69.84,2.25,27.91
25,7_8,1o,69.77,2.59,27.64
26,8_9,1o,69.73,2.17,28.1
27,2_7,2o,69.71,0.47,29.82
28,2_7,1o,69.34,0.55,30.11
29,2_7,1o,69.3,0.51,30.19
30,2_7,ssame,69.12,0.59,30.29
31,5_8,sdifferent,68.82,2.6,28.58
32,8_J,sdifferent,68.51,2.17,29.32
33,3_7,2o,68.41,0.45,31.14
34,2_6,2o,68.3,0.48,31.22
35,3_7,1o,68.03,0.54,31.44
36,3_7,1o,67.99,0.51,31.51
37,2_6,1o,67.89,0.57,31.54
38,2_6,1o,67.86,0.52,31.62
39,3_7,ssame,67.73,0.59,31.68
40,2_3,2o,67.7,0.56,31.73
41,2_6,ssame,67.58,0.6,31.82
42,6_8,sdifferent,67.41,2.48,30.11
43,2_3,1o,67.26,0.62,32.12
44,2_3,1o,67.26,0.6,32.14
45,2_4,2o,67.21,0.54,32.25
46,8_T,sdifferent,67.19,2.08,30.73
47,2_5,2o,67.01,0.52,32.47
48,3_6,2o,67.0,0.46,32.53
49,4_7,2o,66.98,0.43,32.59
50,2_3,ssame,66.95,0.66,32.4
51,2_4,1o,66.77,0.61,32.62
52,2_4,1o,66.76,0.58,32.66
53,3_6,1o,66.58,0.55,32.87
54,2_5,1o,66.57,0.6,32.83
55,4_7,1o,66.56,0.51,32.93
56,2_5,1o,66.55,0.56,32.89
57,3_6,1o,66.54,0.52,32.94
58,4_7,1o,66.53,0.5,32.97
59,2_4,ssame,66.45,0.65,32.91
60,7_8,sdifferent,66.35,2.39,31.26
61,8_9,sdifferent,66.29,2.01,31.71
62,2_9,2o,66.28,0.47,33.26
63,3_4,2o,66.25,0.52,33.23
64,2_5,ssame,66.24,0.64,33.12
65,4_7,ssame,66.23,0.58,33.19
66,3_9,2o,66.23,0.45,33.32
67,3_6,ssame,66.19,0.6,33.21
68,2_K,2o,66.08,0.5,33.43
69,4_9,2o,66.06,0.43,33.51
70,2_Q,2o,66.03,0.49,33.48
71,3_K,2o,66.03,0.48,33.49
72,3_Q,2o,65.99,0.47,33.55
73,2_J,2o,65.95,0.48,33.57
74,7_Q,2o,65.92,0.38,33.71
75,3_J,2o,65.91,0.46,33.64
76,2_T,2o,65.88,0.47,33.66
77,3_T,2o,65.83,0.45,33.72
78,2_9,1o,65.8,0.51,33.7
79,3_4,1o,65.79,0.59,33.62
80,3_4,1o,65.78,0.58,33.65
81,3_5,2o,65.76,0.5,33.74
82,3_9,1o,65.75,0.5,33.75
83,2_9,1o,65.73,0.55,33.72
84,3_9,1o,65.68,0.53,33.78
85,7_K,2o,65.67,0.38,33.95
86,2_K,1o,65.6,0.53,33.87
87,5_7,2o,65.58,0.42,34.0
88,4_K,2o,65.58,0.45,33.97
89,6_J,2o,65.58,0.38,34.04
90,4_9,1o,65.58,0.5,33.91
91,4_6,2o,65.57,0.44,33.99
92,3_K,1o,65.55,0.53,33.92
93,2_Q,1o,65.55,0.52,33.92
94,5_T,2o,65.54,0.42,34.05
95,4_Q,2o,65.53,0.44,34.03
96,4_9,1o,65.51,0.52,33.97
97,2_7,sdifferent,65.51,0.49,34.0
98,3_Q,1o,65.5,0.52,33.98
99,2_K,1o,65.48,0.58,33.94
100,2_J,1o,65.47,0.51,34.02
101,7_Q,1o,65.46,0.46,34.08
102,4_J,2o,65.45,0.43,34.11
103,2_Q,1o,65.45,0.57,33.99
104,2_9,ssame,65.44,0.59,33.97
105,3_K,1o,65.43,0.56,34.01
106,3_J,1o,65.42,0.51,34.07
107,5_K,2o,65.41,0.43,34.16
108,3_4,ssame,65.4,0.65,33.96
109,3_Q,1o,65.4,0.55,34.05
110,2_T,1o,65.39,0.5,34.1
111,3_9,ssame,65.39,0.59,34.02
112,2_J,1o,65.38,0.56,34.06
113,4_T,2o,65.38,0.42,34.2
114,6_K,2o,65.37,0.39,34.24
115,5_Q,2o,65.36,0.42,34.22
116,3_J,1o,65.34,0.54,34.13
117,3_T,1o,65.34,0.5,34.16
118,7_Q,1o,65.33,0.46,34.21
119,6_Q,2o,65.33,0.38,34.3
120,2_T,1o,65.32,0.55,34.13
121,3_5,1o,65.31,0.58,34.11
122,5_J,2o,65.28,0.41,34.31
123,3_T,1o,65.28,0.53,34.19
124,3_5,1o,65.28,0.56,34.16
125,4_9,ssame,65.22,0.59,34.19
126,7_K,1o,65.21,0.46,34.33
127,2_K,ssame,65.19,0.61,34.2
128,2_Q,ssame,65.16,0.61,34.24
129,3_K,ssame,65.14,0.61,34.25
130,5_7,1o,65.12,0.5,34.38
131,3_Q,ssame,65.11,0.61,34.29
132,4_6,1o,65.11,0.53,34.36
133,5_7,1o,65.11,0.49,34.4
134,6_J,1o,65.1,0.46,34.43
135,4_K,1o,65.1,0.52,34.38
136,2_J,ssame,65.09,0.6,34.32
137,4_6,1o,65.08,0.51,34.41
138,7_Q,ssame,65.07,0.54,34.39
139,5_T,1o,65.07,0.49,34.44
140,7_K,1o,65.06,0.46,34.48
141,4_Q,1o,65.05,0.51,34.44
142,3_J,ssame,65.04,0.6,34.37
143,2_T,ssame,65.02,0.59,34.39
144,6_J,1o,65.0,0.46,34.54
145,5_T,1o,64.98,0.5,34.52
146,3_T,ssame,64.97,0.59,34.44
147,4_J,1o,64.97,0.5,34.53
148,4_K,1o,64.97,0.53,34.49
149,4_Q,1o,64.94,0.52,34.54
150,5_K,1o,64.93,0.51,34.55
151,3_5,ssame,64.9,0.64,34.46
152,5_Q,1o,64.89,0.5,34.61
153,4_T,1o,64.89,0.49,34.62
154,6_K,1o,64.89,0.47,34.63
155,4_J,1o,64.87,0.52,34.61
156,6_Q,1o,64.85,0.46,34.69
157,5_9,2o,64.84,0.42,34.75
158,4_T,1o,64.82,0.51,34.68
159,5_J,1o,64.8,0.49,34.7
160,5_K,1o,64.8,0.52,34.69
161,7_K,ssame,64.8,0.54,34.66
162,5_7,ssame,64.77,0.57,34.66
163,7_J,2o,64.77,0.37,34.86
164,6_K,1o,64.76,0.47,34.77
165,5_Q,1o,64.76,0.51,34.73
166,6_Q,1o,64.73,0.46,34.81
167,6_J,ssame,64.72,0.55,34.74
168,5_J,1o,64.7,0.5,34.8
169,4_6,ssame,64.69,0.59,34.71
170,5_T,ssame,64.69,0.58,34.73
171,4_K,ssame,64.68,0.6,34.72
172,4_Q,ssame,64.65,0.6,34.76
173,4_J,ssame,64.58,0.59,34.84
174,4_T,ssame,64.51,0.58,34.91
175,5_K,ssame,64.51,0.59,34.89
176,5_Q,ssame,64.48,0.59,34.94
177,6_K,ssame,64.47,0.55,34.98
178,6_Q,ssame,64.44,0.54,35.02
179,5_J,ssame,64.41,0.58,35.01
180,6_T,2o,64.4,0.37,35.23
181,5_9,1o,64.34,0.5,35.16
182,4_5,2o,64.33,0.48,35.19
183,3_7,sdifferent,64.32,0.49,35.2
184,7_J,1o,64.29,0.45,35.25
185,6_7,2o,64.27,0.37,35.36
186,5_9,1o,64.26,0.5,35.24
187,2_6,sdifferent,64.19,0.5,35.31
188,7_J,1o,64.18,0.45,35.37
189,5_6,2o,64.17,0.43,35.4
190,5_9,ssame,63.95,0.58,35.47
191,6_T,1o,63.9,0.46,35.65
192,7_J,ssame,63.88,0.53,35.58
193,4_5,1o,63.84,0.56,35.6
194,6_T,1o,63.82,0.46,35.73
195,4_5,1o,63.82,0.55,35.63
196,6_7,1o,63.78,0.46,35.77
197,6_7,1o,63.76,0.45,35.79
198,6_9,2o,63.7,0.38,35.92
199,5_6,1o,63.68,0.51,35.81
200,5_6,1o,63.66,0.5,35.84
201,2_3,sdifferent,63.63,0.57,35.81
202,7_T,2o,63.6,0.36,36.04
203,6_T,ssame,63.5,0.54,35.97
204,4_5,ssame,63.4,0.63,35.97
205,6_7,ssame,63.38,0.53,36.09
206,5_6,ssame,63.23,0.58,36.18
207,2_4,sdifferent,63.19,0.55,36.27
208,6_9,1o,63.17,0.46,36.37
209,6_9,1o,63.1,0.46,36.44
210,7_T,1o,63.09,0.45,36.47
211,7_T,1o,63.0,0.45,36.56
212,3_6,sdifferent,63.0,0.5,36.5
213,2_5,sdifferent,63.0,0.53,36.47
214,4_7,sdifferent,62.99,0.48,36.53
215,7_9,2o,62.89,0.37,36.74
216,6_9,ssame,62.75,0.54,36.71
217,7_T,ssame,62.66,0.53,36.81
218,7_9,1o,62.36,0.45,37.19
219,3_4,sdifferent,62.29,0.55,37.16
220,7_9,1o,62.28,0.45,37.27
221,2_9,sdifferent,62.2,0.49,37.32
222,3_9,sdifferent,62.15,0.48,37.37
223,4_9,sdifferent,62.0,0.48,37.52
224,2_K,sdifferent,61.98,0.51,37.52
225,2_Q,sdifferent,61.95,0.5,37.56
226,3_K,sdifferent,61.93,0.51,37.57
227,7_9,ssame,61.92,0.53,37.55
228,3_Q,sdifferent,61.9,0.5,37.6
229,2_J,sdifferent,61.89,0.49,37.62
230,7_Q,sdifferent,61.86,0.44,37.7
231,3_5,sdifferent,61.86,0.53,37.61
232,3_J,sdifferent,61.84,0.49,37.67
233,2_T,sdifferent,61.83,0.48,37.68
234,3_T,sdifferent,61.78,0.48,37.73
235,5_7,sdifferent,61.69,0.47,37.84
236,4_6,sdifferent,61.67,0.49,37.84
237,7_K,sdifferent,61.62,0.44,37.94
238,6_J,sdifferent,61.55,0.44,38.0
239,5_T,sdifferent,61.53,0.47,37.99
240,4_K,sdifferent,61.52,0.5,37.98
241,4_Q,sdifferent,61.49,0.49,38.02
242,4_J,sdifferent,61.43,0.48,38.09
243,4_T,sdifferent,61.38,0.48,38.15
244,5_K,sdifferent,61.37,0.49,38.14
245,5_Q,sdifferent,61.34,0.48,38.17
246,6_K,sdifferent,61.34,0.45,38.21
247,6_Q,sdifferent,61.31,0.44,38.25
248,5_J,sdifferent,61.28,0.47,38.24
249,5_9,sdifferent,60.87,0.48,38.65
250,7_J,sdifferent,60.81,0.44,38.75
251,9_Q,2o,60.72,0.39,38.89
252,4_5,sdifferent,60.53,0.52,38.95
253,6_T,sdifferent,60.47,0.44,39.09
254,6_7,sdifferent,60.46,0.44,39.11
255,5_6,sdifferent,60.37,0.48,39.14
256,9_Q,1o,60.06,0.47,39.47
257,9_Q,1o,60.03,0.47,39.5
258,6_9,sdifferent,59.81,0.44,39.75
259,9_J,2o,59.75,0.38,39.86
260,7_T,sdifferent,59.73,0.43,39.84
261,9_Q,ssame,59.5,0.55,39.95
262,9_J,1o,59.08,0.47,40.46
263,7_9,sdifferent,59.07,0.43,40.5
264,9_J,1o,59.06,0.47,40.48
265,9_T,2o,58.75,0.38,40.87
266,6_A,2o,58.54,19.51,21.95
267,9_J,ssame,58.5,0.55,40.95
268,7_A,2o,58.3,19.99,21.71
269,9_T,1o,58.06,0.46,41.48
270,9_T,1o,58.06,0.46,41.49
271,T_J,2o,58.04,0.39,41.58
272,6_A,1o,57.94,19.8,22.26
273,7_A,1o,57.71,20.29,22.0
274,9_T,ssame,57.47,0.54,41.99
275,2_A,2o,57.44,20.19,22.36
276,3_A,2o,57.41,20.08,22.51
277,T_J,1o,57.32,0.47,42.22
278,T_J,1o,57.3,0.47,42.23
279,4_A,2o,56.97,19.97,23.06
280,9_Q,sdifferent,56.93,0.45,42.62
281,5_A,2o,56.83,19.87,23.3
282,2_A,1o,56.78,20.49,22.73
283,3_A,1o,56.75,20.39,22.86
284,T_J,ssame,56.7,0.55,42.76
285,4_A,1o,56.31,20.29,23.41
286,5_A,1o,56.19,20.19,23.62
287,9_J,sdifferent,56.05,0.45,43.51
288,6_A,sdifferent,55.16,18.49,26.35
289,9_T,sdifferent,55.14,0.44,44.42
290,7_A,sdifferent,54.95,18.93,26.11
291,T_J,sdifferent,54.45,0.45,45.11
292,2_A,sdifferent,54.12,19.12,26.76
293,3_A,sdifferent,54.08,19.03,26.89
294,4_A,sdifferent,53.68,18.93,27.39
295,5_A,sdifferent,53.58,18.84,27.58
296,9_K,2o,53.41,8.47,38.12
297,9_K,1o,52.69,8.62,38.7
298,9_K,1o,52.66,8.62,38.73
299,9_K,ssame,52.07,8.76,39.17
300,T_Q,2o,51.01,8.38,40.6
301,T_K,2o,50.42,1.76,47.82
302,T_Q,1o,50.25,8.53,41.22
303,T_Q,1o,50.21,8.53,41.26
304,9_K,sdifferent,50.16,7.91,41.93
305,2_2,2o,49.92,0.59,49.49
306,J_Q,2o,49.79,1.72,48.49
307,J_K,2o,49.77,1.18,49.04
308,T_K,1o,49.64,1.85,48.51
309,T_K,1o,49.61,1.85,48.54
310,Q_K,2o,49.6,0.61,49.79
311,T_Q,ssame,49.57,8.68,41.75
312,2_2,1o,49.52,0.63,49.86
313,3_3,2o,49.35,0.54,50.11
314,J_Q,1o,48.99,1.81,49.2
315,J_K,1o,48.98,1.27,49.75
316,J_Q,1o,48.98,1.81,49.21
317,T_K,ssame,48.96,1.94,49.1
318,J_K,1o,48.96,1.27,49.77
319,3_3,1o,48.95,0.6,50.46
320,Q_K,1o,48.78,0.69,50.52
321,Q_K,1o,48.78,0.69,50.52
322,4_4,2o,48.32,0.48,51.2
323,J_Q,ssame,48.31,1.9,49.79
324,J_K,ssame,48.29,1.36,50.35
325,Q_K,ssame,48.1,0.77,51.13
326,T_Q,sdifferent,47.95,7.83,44.22
327,4_4,1o,47.92,0.55,51.53
328,T_K,sdifferent,47.38,1.72,50.91
329,5_5,2o,47.38,0.43,52.18
330,5_5,1o,46.99,0.51,52.5
331,J_Q,sdifferent,46.8,1.68,51.52
332,J_K,sdifferent,46.76,1.19,52.05
333,6_6,2o,46.68,0.37,52.95
334,Q_K,sdifferent,46.58,0.66,52.76
335,6_6,1o,46.28,0.46,53.27
336,7_7,2o,46.28,0.35,53.37
337,7_7,1o,45.9,0.43,53.67
338,8_8,2o,32.78,2.56,64.67
339,9_9,2o,32.52,0.34,67.14
340,Q_Q,2o,32.16,0.35,67.5
341,K_K,2o,32.05,0.35,67.59
342,J_J,2o,32.04,0.34,67.62
343,T_T,2o,31.95,0.33,67.72
344,9_9,1o,31.92,0.43,67.65
345,Q_Q,1o,31.53,0.43,68.04
346,J_J,1o,31.43,0.42,68.15
347,K_K,1o,31.41,0.43,68.15
348,T_T,1o,31.35,0.41,68.24
349,K_A,2o,28.51,4.46,67.03
350,Q_A,2o,28.49,5.55,65.96
351,J_A,2o,28.16,7.43,64.41
352,T_A,2o,27.77,10.08,62.14
353,9_A,2o,27.72,14.83,57.45
354,Q_A,1o,27.19,5.69,67.12
355,K_A,1o,27.19,4.58,68.23
356,Q_A,sdifferent,26.92,5.35,67.73
357,K_A,sdifferent,26.92,4.28,68.8
358,J_A,1o,26.87,7.59,65.54
359,J_A,sdifferent,26.63,7.14,66.24
360,T_A,1o,26.5,10.27,63.23
361,9_A,1o,26.46,15.06,58.48
362,T_A,sdifferent,26.29,9.64,64.07
363,9_A,sdifferent,26.25,14.09,59.66
364,A_A,2o,11.32,1.3,87.38
365,8_A,sdifferent,7.16,85.68,7.16
366,8_A,2o,7.16,90.67,2.17
