,vs_Hand,type,Equity_%,Draws_%,Loses_%
0,2_9,2o,73.76,5.78,20.46
1,2_9,1o,73.34,5.9,20.76
2,3_9,2o,73.31,5.72,20.97
3,4_9,2o,73.21,5.68,21.1
4,3_9,1o,72.87,5.86,21.27
5,4_9,1o,72.76,5.84,21.4
6,6_9,2o,72.01,5.47,22.52
7,5_9,2o,71.68,5.54,22.78
8,6_9,1o,71.53,5.65,22.82
9,5_9,1o,71.2,5.72,23.08
10,9_T,2o,71.15,4.92,23.92
11,9_T,1o,70.85,5.09,24.07
12,7_9,2o,70.47,5.37,24.15
13,2_8,2o,70.34,1.31,28.35
14,3_8,2o,70.3,1.29,28.42
15,2_8,1o,70.11,1.39,28.5
16,8_9,2o,70.07,5.3,24.64
17,3_8,1o,70.07,1.37,28.56
18,7_9,1o,70.03,5.55,24.42
19,2_7,2o,70.0,1.31,28.69
20,2_8,1o,69.99,1.35,28.66
21,3_8,1o,69.94,1.35,28.72
22,2_8,ssame,69.93,1.43,28.64
23,3_8,ssame,69.88,1.43,28.69
24,2_7,1o,69.71,1.39,28.9
25,8_9,1o,69.67,5.48,24.85
26,2_7,1o,69.64,1.35,29.01
27,2_7,ssame,69.53,1.43,29.04
28,2_9,sdifferent,69.45,5.57,24.98
29,3_9,sdifferent,69.02,5.53,25.44
30,4_8,2o,69.01,1.28,29.72
31,4_9,sdifferent,68.93,5.51,25.56
32,4_8,1o,68.76,1.36,29.88
33,2_6,2o,68.7,1.31,29.99
34,3_7,2o,68.69,1.28,30.03
35,4_8,1o,68.63,1.35,30.03
36,4_8,ssame,68.5,1.43,30.07
37,3_7,1o,68.38,1.36,30.26
38,2_6,1o,68.33,1.35,30.33
39,2_6,1o,68.33,1.39,30.28
40,3_7,1o,68.31,1.34,30.36
41,2_T,2o,68.14,1.35,30.51
42,3_7,ssame,68.12,1.42,30.46
43,2_6,ssame,68.09,1.43,30.48
44,2_T,1o,67.83,1.43,30.74
45,6_9,sdifferent,67.8,5.33,26.87
46,3_T,2o,67.77,1.32,30.91
47,4_T,2o,67.73,1.3,30.96
48,2_T,1o,67.73,1.39,30.88
49,2_3,2o,67.64,1.37,30.99
50,2_4,2o,67.6,1.35,31.05
51,2_T,ssame,67.59,1.47,30.94
52,5_8,2o,67.58,1.26,31.16
53,5_T,2o,67.57,1.29,31.14
54,5_9,sdifferent,67.51,5.4,27.1
55,3_T,1o,67.46,1.4,31.14
56,4_7,2o,67.45,1.27,31.28
57,4_T,1o,67.42,1.38,31.19
58,3_6,2o,67.39,1.28,31.33
59,3_T,1o,67.35,1.38,31.27
60,4_T,1o,67.31,1.38,31.31
61,5_8,1o,67.3,1.34,31.36
62,2_3,1o,67.25,1.43,31.32
63,5_T,1o,67.25,1.38,31.37
64,2_3,1o,67.25,1.41,31.34
65,3_T,ssame,67.21,1.46,31.33
66,2_4,1o,67.2,1.43,31.38
67,2_4,1o,67.2,1.39,31.4
68,5_8,1o,67.17,1.34,31.49
69,4_T,ssame,67.17,1.46,31.38
70,5_T,1o,67.15,1.38,31.47
71,9_T,sdifferent,67.14,4.85,28.02
72,4_7,1o,67.12,1.35,31.53
73,2_5,2o,67.11,1.33,31.55
74,4_7,1o,67.05,1.34,31.61
75,5_T,ssame,67.01,1.46,31.54
76,5_8,ssame,67.0,1.42,31.58
77,3_6,1o,67.0,1.36,31.64
78,3_6,1o,66.99,1.34,31.67
79,2_3,ssame,66.94,1.47,31.59
80,2_4,ssame,66.89,1.47,31.64
81,4_7,ssame,66.79,1.42,31.79
82,6_8,2o,66.78,1.22,32.01
83,6_T,2o,66.72,1.25,32.03
84,2_5,1o,66.71,1.38,31.91
85,2_5,1o,66.71,1.42,31.87
86,3_6,ssame,66.68,1.42,31.9
87,6_8,1o,66.48,1.3,32.22
88,4_6,2o,66.43,1.27,32.3
89,7_9,sdifferent,66.42,5.25,28.33
90,2_5,ssame,66.4,1.46,32.15
91,6_T,1o,66.39,1.33,32.27
92,6_8,1o,66.35,1.3,32.35
93,6_T,1o,66.29,1.33,32.38
94,3_4,2o,66.29,1.32,32.39
95,2_8,sdifferent,66.18,1.27,32.55
96,6_8,ssame,66.16,1.38,32.46
97,3_8,sdifferent,66.14,1.27,32.6
98,6_T,ssame,66.12,1.42,32.46
99,8_9,sdifferent,66.09,5.19,28.72
100,4_6,1o,66.03,1.35,32.62
101,5_7,2o,66.03,1.25,32.72
102,4_6,1o,66.01,1.34,32.65
103,3_4,1o,65.87,1.4,32.74
104,3_4,1o,65.87,1.38,32.75
105,7_8,2o,65.83,1.22,32.94
106,2_7,sdifferent,65.83,1.27,32.9
107,3_5,2o,65.8,1.31,32.89
108,7_T,2o,65.79,1.26,32.95
109,5_7,1o,65.66,1.33,33.01
110,4_6,ssame,65.64,1.42,32.94
111,5_7,1o,65.6,1.33,33.07
112,7_8,1o,65.5,1.3,33.2
113,3_4,ssame,65.48,1.46,33.06
114,6_7,2o,65.47,1.21,33.32
115,7_8,1o,65.43,1.3,33.27
116,7_T,1o,65.42,1.34,33.24
117,3_5,1o,65.38,1.39,33.23
118,7_T,1o,65.38,1.34,33.28
119,3_5,1o,65.37,1.37,33.26
120,5_7,ssame,65.3,1.41,33.29
121,7_8,ssame,65.18,1.38,33.44
122,7_T,ssame,65.15,1.42,33.43
123,6_7,1o,65.1,1.29,33.61
124,6_7,1o,65.03,1.29,33.68
125,5_6,2o,65.0,1.25,33.75
126,3_5,ssame,64.99,1.45,33.57
127,4_8,sdifferent,64.95,1.27,33.78
128,8_T,2o,64.87,1.26,33.87
129,2_J,2o,64.85,14.69,20.46
130,4_5,2o,64.84,1.29,33.87
131,6_7,ssame,64.72,1.37,33.91
132,3_7,sdifferent,64.62,1.26,34.12
133,2_6,sdifferent,64.59,1.27,34.14
134,5_6,1o,64.56,1.33,34.1
135,5_6,1o,64.56,1.33,34.11
136,8_T,1o,64.48,1.34,34.17
137,8_T,1o,64.46,1.34,34.2
138,3_J,2o,64.45,14.58,20.97
139,4_J,2o,64.41,14.48,21.1
140,4_5,1o,64.41,1.37,34.22
141,4_5,1o,64.4,1.37,34.24
142,2_J,1o,64.33,14.91,20.76
143,6_J,2o,64.33,14.28,21.39
144,8_T,ssame,64.19,1.42,34.39
145,7_J,2o,64.16,14.25,21.58
146,5_6,ssame,64.15,1.41,34.44
147,2_T,sdifferent,64.06,1.31,34.63
148,5_J,2o,63.96,14.39,21.65
149,4_5,ssame,63.95,1.44,34.61
150,3_J,1o,63.93,14.8,21.27
151,4_J,1o,63.88,14.72,21.4
152,8_J,2o,63.83,14.47,21.7
153,6_J,1o,63.81,14.51,21.68
154,3_T,sdifferent,63.72,1.3,34.98
155,7_J,1o,63.7,14.49,21.81
156,4_T,sdifferent,63.68,1.3,35.02
157,5_8,sdifferent,63.63,1.26,35.11
158,2_3,sdifferent,63.62,1.32,35.06
159,2_4,sdifferent,63.57,1.31,35.12
160,5_T,sdifferent,63.54,1.3,35.16
161,4_7,sdifferent,63.48,1.26,35.26
162,5_J,1o,63.44,14.63,21.94
163,8_J,1o,63.42,14.71,21.87
164,3_6,sdifferent,63.39,1.26,35.36
165,2_5,sdifferent,63.14,1.29,35.57
166,6_8,sdifferent,62.88,1.22,35.9
167,6_T,sdifferent,62.76,1.26,35.98
168,4_6,sdifferent,62.5,1.26,36.24
169,3_4,sdifferent,62.37,1.3,36.34
170,5_7,sdifferent,62.16,1.25,36.59
171,7_8,sdifferent,62.01,1.23,36.77
172,3_5,sdifferent,61.93,1.28,36.79
173,7_T,sdifferent,61.89,1.26,36.84
174,6_7,sdifferent,61.64,1.21,37.14
175,5_6,sdifferent,61.18,1.25,37.57
176,2_J,sdifferent,61.09,13.93,24.98
177,8_T,sdifferent,61.04,1.27,37.69
178,4_5,sdifferent,61.04,1.28,37.67
179,3_J,sdifferent,60.72,13.83,25.44
180,4_J,sdifferent,60.68,13.75,25.56
181,6_J,sdifferent,60.61,13.57,25.82
182,7_J,sdifferent,60.5,13.55,25.95
183,5_J,sdifferent,60.28,13.67,26.05
184,8_J,sdifferent,60.23,13.76,26.0
185,2_Q,2o,53.47,2.65,43.88
186,3_Q,2o,53.3,2.62,44.08
187,4_Q,2o,53.3,2.6,44.09
188,6_Q,2o,53.05,2.54,44.4
189,5_Q,2o,52.89,2.59,44.52
190,2_Q,1o,52.84,2.7,44.46
191,7_Q,2o,52.7,2.8,44.5
192,4_Q,1o,52.67,2.69,44.64
193,3_Q,1o,52.67,2.69,44.64
194,6_Q,1o,52.43,2.64,44.93
195,2_Q,1o,52.32,2.75,44.93
196,5_Q,1o,52.26,2.68,45.06
197,4_Q,1o,52.16,2.7,45.14
198,3_Q,1o,52.16,2.71,45.13
199,7_Q,1o,52.14,2.9,44.96
200,2_2,2o,52.12,1.43,46.46
201,6_Q,1o,51.9,2.64,45.46
202,2_K,2o,51.82,2.54,45.64
203,2_2,1o,51.78,1.47,46.75
204,5_Q,1o,51.74,2.68,45.58
205,3_K,2o,51.66,2.51,45.83
206,4_K,2o,51.66,2.5,45.84
207,3_3,2o,51.65,1.16,47.18
208,7_Q,1o,51.55,2.9,45.55
209,6_K,2o,51.41,2.44,46.16
210,3_3,1o,51.31,1.23,47.46
211,4_4,2o,51.31,0.96,47.73
212,5_K,2o,51.24,2.48,46.28
213,2_K,1o,51.18,2.6,46.22
214,4_K,1o,51.01,2.59,46.4
215,3_K,1o,51.01,2.59,46.4
216,4_4,1o,50.97,1.03,47.99
217,6_K,1o,50.77,2.53,46.7
218,2_K,1o,50.61,2.64,46.75
219,5_K,1o,50.6,2.58,46.82
220,5_5,2o,50.48,0.77,48.75
221,4_K,1o,50.44,2.59,46.96
222,3_K,1o,50.44,2.61,46.95
223,2_Q,sdifferent,50.31,2.51,47.19
224,6_6,2o,50.3,0.61,49.09
225,6_K,1o,50.19,2.53,47.28
226,4_Q,sdifferent,50.16,2.49,47.35
227,3_Q,sdifferent,50.16,2.5,47.34
228,5_5,1o,50.14,0.85,49.0
229,5_K,1o,50.02,2.58,47.4
230,6_6,1o,49.97,0.69,49.34
231,6_Q,sdifferent,49.94,2.45,47.61
232,5_Q,sdifferent,49.79,2.49,47.72
233,7_Q,sdifferent,49.67,2.68,47.64
234,2_A,2o,49.29,2.32,48.39
235,4_A,2o,49.17,2.24,48.59
236,3_A,2o,49.17,2.25,48.58
237,7_7,2o,49.02,0.51,50.48
238,5_A,2o,48.76,2.22,49.03
239,2_K,sdifferent,48.73,2.4,48.87
240,7_7,1o,48.71,0.59,50.7
241,2_A,1o,48.62,2.38,49.0
242,3_K,sdifferent,48.58,2.39,49.03
243,4_K,sdifferent,48.58,2.39,49.03
244,3_A,1o,48.49,2.33,49.18
245,4_A,1o,48.49,2.33,49.18
246,2_Q,ssame,48.48,2.8,48.72
247,6_K,sdifferent,48.36,2.34,49.29
248,3_Q,ssame,48.31,2.79,48.9
249,4_Q,ssame,48.31,2.79,48.9
250,5_K,sdifferent,48.22,2.38,49.4
251,5_A,1o,48.08,2.32,49.6
252,6_Q,ssame,48.06,2.73,49.21
253,8_8,2o,48.03,0.44,51.53
254,2_A,1o,47.99,2.42,49.59
255,5_Q,ssame,47.89,2.78,49.33
256,4_A,1o,47.87,2.34,49.8
257,3_A,1o,47.87,2.35,49.78
258,8_8,1o,47.75,0.52,51.73
259,7_Q,ssame,47.71,2.99,49.3
260,6_A,2o,47.54,4.43,48.04
261,5_A,1o,47.45,2.32,50.24
262,6_A,1o,46.86,4.54,48.59
263,2_K,ssame,46.79,2.7,50.51
264,7_A,2o,46.67,0.38,52.95
265,3_K,ssame,46.63,2.68,50.69
266,4_K,ssame,46.63,2.68,50.69
267,7_K,2o,46.57,6.74,46.69
268,6_K,ssame,46.38,2.63,50.99
269,2_A,sdifferent,46.34,2.19,51.46
270,8_K,2o,46.24,0.62,53.14
271,4_A,sdifferent,46.23,2.14,51.62
272,3_A,sdifferent,46.23,2.15,51.62
273,6_A,1o,46.22,4.54,49.24
274,5_K,ssame,46.21,2.67,51.12
275,8_A,2o,46.11,0.38,53.51
276,7_A,1o,46.05,0.46,53.49
277,7_K,1o,45.95,6.87,47.18
278,5_A,sdifferent,45.87,2.14,52.0
279,8_K,1o,45.68,0.7,53.62
280,8_A,1o,45.54,0.46,53.99
281,7_A,1o,45.34,0.46,54.2
282,7_K,1o,45.3,6.87,47.83
283,8_Q,2o,45.26,9.02,45.72
284,8_K,1o,44.97,0.7,54.33
285,8_A,1o,44.77,0.47,54.76
286,6_A,sdifferent,44.74,4.17,51.09
287,8_Q,1o,44.67,9.17,46.16
288,2_A,ssame,44.2,2.48,53.33
289,4_A,ssame,44.07,2.42,53.51
290,3_A,ssame,44.07,2.42,53.51
291,8_Q,1o,44.0,9.17,46.83
292,7_A,sdifferent,43.98,0.44,55.57
293,7_K,sdifferent,43.94,6.32,49.74
294,8_K,sdifferent,43.69,0.67,55.64
295,5_A,ssame,43.66,2.41,53.93
296,8_A,sdifferent,43.51,0.45,56.05
297,8_Q,sdifferent,42.8,8.42,48.78
298,6_A,ssame,42.43,4.66,52.91
299,T_A,2o,41.86,0.39,57.74
300,7_A,ssame,41.53,0.54,57.92
301,7_K,ssame,41.44,7.0,51.56
302,T_A,1o,41.18,0.47,58.34
303,8_K,ssame,41.11,0.78,58.11
304,8_A,ssame,40.95,0.55,58.5
305,T_K,2o,40.77,0.63,58.6
306,T_A,1o,40.43,0.48,59.09
307,8_Q,ssame,40.1,9.31,50.58
308,T_K,1o,40.04,0.71,59.25
309,K_A,2o,39.76,0.42,59.82
310,T_Q,2o,39.59,0.87,59.54
311,Q_A,2o,39.54,0.41,60.05
312,T_A,sdifferent,39.51,0.46,60.04
313,T_K,1o,39.35,0.71,59.94
314,T_Q,1o,38.82,0.95,60.23
315,T_K,sdifferent,38.5,0.67,60.83
316,Q_K,2o,38.46,0.64,60.9
317,K_A,1o,38.33,0.5,61.17
318,K_A,1o,38.28,0.5,61.22
319,Q_A,1o,38.17,0.49,61.34
320,T_Q,1o,38.17,0.95,60.87
321,Q_A,1o,38.06,0.49,61.45
322,T_Q,sdifferent,37.41,0.9,61.68
323,K_A,sdifferent,37.32,0.48,62.21
324,Q_A,sdifferent,37.17,0.47,62.36
325,Q_K,1o,37.04,0.72,62.24
326,Q_K,1o,36.98,0.72,62.29
327,9_9,2o,36.46,1.96,61.58
328,T_A,ssame,36.44,0.56,63.01
329,Q_K,sdifferent,36.17,0.68,63.14
330,T_K,ssame,35.3,0.78,63.92
331,K_A,ssame,34.11,0.58,65.31
332,T_Q,ssame,34.07,1.03,64.9
333,Q_A,ssame,33.9,0.57,65.53
334,Q_K,ssame,32.77,0.8,66.43
335,9_A,2o,32.56,1.83,65.6
336,T_T,2o,32.52,0.39,67.09
337,T_T,1o,32.04,0.47,67.49
338,9_K,2o,31.04,2.82,66.14
339,9_A,1o,30.93,1.94,67.13
340,9_A,sdifferent,30.74,1.8,67.46
341,J_A,2o,30.46,1.79,67.75
342,J_K,2o,30.45,2.77,66.79
343,9_Q,2o,29.48,3.77,66.76
344,9_K,1o,29.44,2.94,67.62
345,9_K,sdifferent,29.39,2.77,67.84
346,J_Q,2o,29.26,3.7,67.04
347,J_K,sdifferent,28.81,2.74,68.44
348,J_K,1o,28.81,2.91,68.28
349,J_A,1o,28.77,1.92,69.31
350,J_A,sdifferent,28.76,1.78,69.45
351,9_Q,sdifferent,28.0,3.71,68.29
352,9_Q,1o,27.9,3.91,68.19
353,J_Q,sdifferent,27.77,3.66,68.57
354,J_Q,1o,27.66,3.86,68.48
355,T_J,2o,27.36,10.32,62.32
356,T_J,1o,26.27,10.54,63.19
357,T_J,sdifferent,26.09,9.89,64.03
358,A_A,2o,20.98,0.33,78.69
359,K_K,2o,19.85,0.36,79.79
360,A_A,1o,19.77,0.41,79.82
361,K_K,1o,18.64,0.44,80.92
362,Q_Q,2o,18.47,0.35,81.17
363,Q_Q,1o,17.27,0.44,82.3
364,J_J,2o,14.98,2.16,82.86
365,9_J,2o,7.16,90.67,2.17
366,9_J,sdifferent,7.16,85.68,7.16
