,vs_Hand,type,Equity_%,Draws_%,Loses_%
0,2_9,2o,75.44,3.57,20.99
1,2_9,1o,74.99,3.67,21.34
2,3_9,2o,74.96,3.53,21.5
3,4_9,2o,74.85,3.51,21.64
4,3_9,1o,74.51,3.64,21.85
5,4_9,1o,74.39,3.63,21.98
6,9_Q,2o,73.38,2.91,23.71
7,5_9,2o,73.31,3.38,23.31
8,9_Q,1o,72.95,3.03,24.01
9,5_9,1o,72.81,3.53,23.66
10,6_9,2o,72.17,3.22,24.6
11,9_J,2o,71.95,2.8,25.25
12,6_9,1o,71.66,3.39,24.96
13,9_J,1o,71.5,2.94,25.56
14,8_9,2o,71.26,3.12,25.62
15,2_9,sdifferent,71.07,3.43,25.5
16,7_9,2o,71.0,3.11,25.89
17,8_9,1o,70.73,3.3,25.98
18,3_9,sdifferent,70.63,3.41,25.96
19,4_9,sdifferent,70.52,3.4,26.08
20,9_T,2o,70.51,2.69,26.8
21,7_9,1o,70.46,3.3,26.25
22,9_T,1o,70.04,2.85,27.11
23,2_7,2o,69.36,0.7,29.94
24,2_8,2o,69.34,0.7,29.97
25,3_8,2o,69.29,0.68,30.03
26,9_Q,sdifferent,69.17,2.86,27.97
27,5_9,sdifferent,69.08,3.3,27.62
28,2_7,1o,68.99,0.79,30.23
29,2_8,1o,68.96,0.78,30.25
30,2_7,1o,68.95,0.74,30.31
31,2_8,1o,68.93,0.74,30.33
32,3_8,1o,68.92,0.76,30.32
33,3_8,1o,68.87,0.74,30.39
34,2_7,ssame,68.77,0.82,30.41
35,2_8,ssame,68.74,0.82,30.44
36,3_8,ssame,68.69,0.82,30.49
37,2_6,2o,68.24,0.7,31.06
38,3_7,2o,68.05,0.67,31.28
39,6_9,sdifferent,68.02,3.17,28.81
40,4_8,2o,68.0,0.67,31.33
41,9_J,sdifferent,67.84,2.77,29.39
42,2_6,1o,67.83,0.79,31.38
43,2_6,1o,67.81,0.74,31.45
44,3_7,1o,67.65,0.76,31.59
45,3_7,1o,67.61,0.73,31.66
46,4_8,1o,67.61,0.75,31.64
47,4_8,1o,67.56,0.74,31.7
48,2_6,ssame,67.55,0.82,31.63
49,3_7,ssame,67.36,0.81,31.83
50,2_3,2o,67.35,0.77,31.88
51,4_8,ssame,67.31,0.82,31.87
52,2_4,2o,67.3,0.76,31.94
53,8_9,sdifferent,67.16,3.09,29.75
54,3_6,2o,66.93,0.67,32.4
55,7_9,sdifferent,66.92,3.09,29.99
56,2_3,1o,66.91,0.81,32.28
57,2_3,1o,66.91,0.83,32.26
58,2_4,1o,66.86,0.83,32.31
59,2_4,1o,66.86,0.8,32.34
60,2_5,2o,66.82,0.74,32.44
61,4_7,2o,66.76,0.66,32.58
62,2_Q,2o,66.64,0.72,32.64
63,5_8,2o,66.57,0.65,32.78
64,2_J,2o,66.56,0.71,32.73
65,2_3,ssame,66.55,0.87,32.58
66,7_Q,2o,66.53,0.61,32.86
67,9_T,sdifferent,66.51,2.69,30.8
68,3_6,1o,66.5,0.76,32.74
69,2_4,ssame,66.5,0.87,32.63
70,2_T,2o,66.48,0.7,32.82
71,3_6,1o,66.48,0.73,32.79
72,2_5,1o,66.37,0.82,32.81
73,2_5,1o,66.37,0.78,32.85
74,4_7,1o,66.35,0.74,32.91
75,4_7,1o,66.3,0.73,32.97
76,3_Q,2o,66.28,0.69,33.04
77,6_J,2o,66.24,0.6,33.15
78,4_Q,2o,66.24,0.67,33.09
79,3_J,2o,66.2,0.68,33.13
80,2_Q,1o,66.17,0.76,33.07
81,4_J,2o,66.16,0.66,33.18
82,5_8,1o,66.15,0.73,33.12
83,3_6,ssame,66.14,0.81,33.05
84,2_Q,1o,66.13,0.8,33.07
85,3_T,2o,66.12,0.67,33.22
86,5_8,1o,66.11,0.73,33.16
87,7_Q,1o,66.09,0.7,33.22
88,4_T,2o,66.08,0.66,33.27
89,2_J,1o,66.08,0.75,33.17
90,2_J,1o,66.07,0.79,33.14
91,7_Q,1o,66.02,0.69,33.28
92,2_5,ssame,66.01,0.86,33.13
93,2_T,1o,66.0,0.74,33.26
94,2_T,1o,66.0,0.78,33.21
95,3_4,2o,65.99,0.73,33.28
96,6_Q,2o,65.99,0.6,33.41
97,4_7,ssame,65.97,0.81,33.22
98,5_T,2o,65.91,0.65,33.45
99,2_Q,ssame,65.84,0.84,33.32
100,5_8,ssame,65.81,0.81,33.38
101,5_Q,2o,65.79,0.66,33.56
102,3_Q,1o,65.79,0.75,33.46
103,6_J,1o,65.78,0.69,33.54
104,2_J,ssame,65.77,0.83,33.39
105,7_Q,ssame,65.76,0.78,33.46
106,3_Q,1o,65.76,0.77,33.47
107,4_Q,1o,65.75,0.75,33.51
108,6_J,1o,65.75,0.68,33.57
109,4_Q,1o,65.72,0.76,33.52
110,5_J,2o,65.71,0.65,33.65
111,3_J,1o,65.71,0.74,33.55
112,2_T,ssame,65.7,0.82,33.47
113,3_J,1o,65.7,0.76,33.54
114,4_6,2o,65.69,0.66,33.64
115,4_J,1o,65.66,0.75,33.59
116,4_J,1o,65.66,0.74,33.6
117,8_Q,2o,65.65,0.63,33.73
118,3_T,1o,65.63,0.75,33.61
119,3_T,1o,65.62,0.73,33.65
120,4_T,1o,65.59,0.74,33.67
121,4_T,1o,65.58,0.73,33.69
122,6_8,2o,65.55,0.6,33.85
123,3_4,1o,65.52,0.8,33.67
124,3_4,1o,65.52,0.79,33.69
125,6_Q,1o,65.52,0.69,33.79
126,3_5,2o,65.51,0.71,33.78
127,6_Q,1o,65.47,0.68,33.84
128,3_Q,ssame,65.46,0.83,33.71
129,6_J,ssame,65.46,0.77,33.77
130,5_T,1o,65.42,0.73,33.85
131,5_T,1o,65.42,0.73,33.85
132,4_Q,ssame,65.42,0.83,33.75
133,3_J,ssame,65.39,0.82,33.79
134,7_J,2o,65.35,0.61,34.04
135,4_J,ssame,65.35,0.82,33.83
136,5_7,2o,65.33,0.64,34.02
137,3_T,ssame,65.32,0.81,33.86
138,5_Q,1o,65.3,0.74,33.96
139,4_T,ssame,65.28,0.81,33.91
140,5_Q,1o,65.27,0.74,33.99
141,4_6,1o,65.25,0.74,34.01
142,4_6,1o,65.22,0.73,34.05
143,5_J,1o,65.22,0.73,34.05
144,5_J,1o,65.2,0.73,34.07
145,6_Q,ssame,65.19,0.77,34.05
146,2_7,sdifferent,65.18,0.7,34.12
147,8_Q,1o,65.18,0.71,34.11
148,2_8,sdifferent,65.16,0.7,34.14
149,8_Q,1o,65.12,0.71,34.17
150,5_T,ssame,65.12,0.81,34.07
151,3_8,sdifferent,65.11,0.7,34.19
152,3_4,ssame,65.09,0.86,34.05
153,6_8,1o,65.09,0.68,34.22
154,6_8,1o,65.08,0.68,34.24
155,6_T,2o,65.06,0.6,34.34
156,3_5,1o,65.04,0.79,34.17
157,3_5,1o,65.03,0.77,34.2
158,5_Q,ssame,64.96,0.82,34.22
159,5_J,ssame,64.9,0.81,34.29
160,7_J,1o,64.88,0.69,34.44
161,5_7,1o,64.88,0.73,34.39
162,5_7,1o,64.85,0.72,34.43
163,8_Q,ssame,64.84,0.79,34.37
164,7_J,1o,64.83,0.69,34.48
165,4_6,ssame,64.81,0.81,34.38
166,6_8,ssame,64.74,0.76,34.5
167,3_5,ssame,64.6,0.85,34.55
168,6_T,1o,64.57,0.68,34.76
169,6_T,1o,64.56,0.68,34.76
170,4_5,2o,64.55,0.7,34.75
171,7_J,ssame,64.54,0.77,34.69
172,7_8,2o,64.48,0.6,34.92
173,5_7,ssame,64.48,0.8,34.72
174,2_K,2o,64.47,14.54,20.99
175,8_J,2o,64.46,0.62,34.92
176,8_K,2o,64.39,14.05,21.56
177,6_7,2o,64.31,0.59,35.1
178,5_6,2o,64.27,0.65,35.09
179,6_T,ssame,64.24,0.76,35.0
180,7_T,2o,64.17,0.6,35.23
181,2_6,sdifferent,64.14,0.7,35.15
182,7_K,2o,64.08,14.09,21.83
183,3_K,2o,64.08,14.42,21.5
184,4_5,1o,64.07,0.78,35.15
185,4_5,1o,64.05,0.77,35.18
186,4_K,2o,64.04,14.33,21.64
187,7_8,1o,64.0,0.69,35.32
188,7_8,1o,63.99,0.68,35.32
189,8_J,1o,63.97,0.7,35.33
190,3_7,sdifferent,63.97,0.69,35.33
191,4_8,sdifferent,63.93,0.7,35.37
192,8_J,1o,63.93,0.7,35.37
193,2_K,1o,63.92,14.74,21.34
194,8_K,1o,63.88,14.26,21.85
195,6_K,2o,63.85,14.11,22.04
196,6_7,1o,63.83,0.68,35.49
197,6_7,1o,63.81,0.67,35.51
198,5_6,1o,63.78,0.73,35.49
199,5_6,1o,63.77,0.72,35.51
200,7_T,1o,63.66,0.68,35.65
201,7_T,1o,63.64,0.68,35.67
202,7_8,ssame,63.62,0.76,35.62
203,8_J,ssame,63.61,0.78,35.61
204,5_K,2o,63.58,14.23,22.18
205,7_K,1o,63.56,14.31,22.13
206,4_5,ssame,63.56,0.85,35.59
207,3_K,1o,63.51,14.64,21.85
208,4_K,1o,63.47,14.55,21.98
209,6_7,ssame,63.41,0.75,35.84
210,7_T,ssame,63.31,0.76,35.93
211,6_K,1o,63.31,14.34,22.35
212,2_3,sdifferent,63.31,0.76,35.92
213,5_6,ssame,63.31,0.8,35.88
214,8_T,2o,63.28,0.61,36.11
215,2_4,sdifferent,63.27,0.75,35.98
216,5_K,1o,63.02,14.46,22.52
217,3_6,sdifferent,62.94,0.69,36.37
218,2_5,sdifferent,62.83,0.74,36.43
219,4_7,sdifferent,62.79,0.69,36.52
220,8_T,1o,62.76,0.69,36.55
221,8_T,1o,62.74,0.69,36.56
222,5_8,sdifferent,62.6,0.69,36.71
223,2_Q,sdifferent,62.54,0.72,36.74
224,2_J,sdifferent,62.48,0.71,36.8
225,7_Q,sdifferent,62.47,0.66,36.87
226,2_T,sdifferent,62.42,0.7,36.87
227,8_T,ssame,62.39,0.77,36.84
228,6_J,sdifferent,62.21,0.65,37.14
229,3_Q,sdifferent,62.21,0.71,37.08
230,4_Q,sdifferent,62.17,0.71,37.13
231,3_J,sdifferent,62.15,0.7,37.15
232,4_J,sdifferent,62.11,0.7,37.19
233,3_T,sdifferent,62.09,0.69,37.22
234,3_4,sdifferent,62.06,0.74,37.2
235,4_T,sdifferent,62.05,0.69,37.26
236,6_Q,sdifferent,61.96,0.65,37.39
237,5_T,sdifferent,61.9,0.69,37.41
238,4_6,sdifferent,61.8,0.69,37.51
239,5_Q,sdifferent,61.77,0.7,37.54
240,5_J,sdifferent,61.71,0.69,37.6
241,8_Q,sdifferent,61.65,0.67,37.68
242,6_8,sdifferent,61.65,0.65,37.7
243,3_5,sdifferent,61.62,0.73,37.65
244,5_7,sdifferent,61.46,0.69,37.85
245,7_J,sdifferent,61.38,0.66,37.96
246,6_T,sdifferent,61.12,0.65,38.23
247,4_5,sdifferent,60.74,0.73,38.54
248,2_K,sdifferent,60.71,13.8,25.5
249,7_8,sdifferent,60.66,0.65,38.69
250,8_K,sdifferent,60.66,13.35,25.99
251,8_J,sdifferent,60.56,0.67,38.77
252,6_7,sdifferent,60.51,0.64,38.85
253,5_6,sdifferent,60.47,0.69,38.84
254,7_K,sdifferent,60.37,13.4,26.23
255,3_K,sdifferent,60.34,13.7,25.96
256,7_T,sdifferent,60.3,0.65,39.05
257,4_K,sdifferent,60.3,13.62,26.08
258,6_K,sdifferent,60.15,13.42,26.43
259,5_K,sdifferent,59.89,13.54,26.57
260,8_T,sdifferent,59.48,0.66,39.86
261,T_J,2o,58.87,0.62,40.51
262,T_J,1o,58.2,0.71,41.09
263,T_J,1o,58.19,0.71,41.11
264,T_J,ssame,57.67,0.78,41.55
265,T_J,sdifferent,55.25,0.67,44.07
266,6_A,2o,50.86,2.29,46.85
267,2_A,2o,50.74,2.36,46.9
268,3_A,2o,50.58,2.33,47.1
269,4_A,2o,50.58,2.32,47.11
270,7_A,2o,50.49,2.32,47.19
271,2_2,2o,50.49,0.88,48.63
272,6_A,1o,50.18,2.39,47.43
273,5_A,2o,50.16,2.3,47.54
274,T_Q,2o,50.12,10.38,39.49
275,2_2,1o,50.09,0.92,48.99
276,2_A,1o,50.03,2.42,47.56
277,3_3,2o,49.9,0.74,49.36
278,3_A,1o,49.86,2.4,47.74
279,4_A,1o,49.86,2.4,47.74
280,7_A,1o,49.82,2.42,47.76
281,6_A,1o,49.5,2.39,48.11
282,3_3,1o,49.5,0.8,49.7
283,4_4,2o,49.45,0.65,49.9
284,5_A,1o,49.45,2.39,48.15
285,T_Q,1o,49.4,10.54,40.06
286,2_A,1o,49.37,2.46,48.17
287,T_Q,1o,49.36,10.54,40.09
288,J_Q,2o,49.23,1.66,49.11
289,4_A,1o,49.21,2.41,48.38
290,3_A,1o,49.21,2.43,48.36
291,7_A,1o,49.12,2.42,48.46
292,4_4,1o,49.05,0.72,50.23
293,T_Q,ssame,48.79,10.7,40.51
294,5_A,1o,48.79,2.39,48.82
295,5_5,2o,48.53,0.55,50.92
296,J_Q,1o,48.48,1.75,49.77
297,J_Q,1o,48.47,1.75,49.78
298,5_5,1o,48.13,0.63,51.24
299,J_Q,ssame,47.87,1.84,50.29
300,6_6,2o,47.78,0.45,51.78
301,6_A,sdifferent,47.77,2.21,50.02
302,2_A,sdifferent,47.64,2.23,50.13
303,3_A,sdifferent,47.49,2.22,50.29
304,4_A,sdifferent,47.49,2.22,50.29
305,7_A,sdifferent,47.44,2.24,50.32
306,6_6,1o,47.39,0.53,52.08
307,T_Q,sdifferent,47.17,9.68,43.15
308,5_A,sdifferent,47.12,2.21,50.67
309,7_7,2o,47.09,0.4,52.51
310,8_8,2o,46.94,0.39,52.67
311,7_7,1o,46.71,0.49,52.8
312,8_8,1o,46.56,0.48,52.96
313,J_Q,sdifferent,46.33,1.63,52.04
314,6_A,ssame,45.61,2.49,51.9
315,2_A,ssame,45.46,2.51,52.02
316,3_A,ssame,45.3,2.5,52.2
317,4_A,ssame,45.3,2.5,52.2
318,7_A,ssame,45.24,2.52,52.24
319,5_A,ssame,44.88,2.49,52.63
320,8_A,2o,44.52,8.47,47.02
321,8_A,1o,43.8,8.61,47.58
322,8_A,1o,43.1,8.62,48.29
323,8_A,sdifferent,41.93,7.91,50.16
324,Q_A,2o,40.29,0.43,59.28
325,J_A,2o,39.95,0.42,59.64
326,T_A,2o,39.61,0.41,59.99
327,Q_A,1o,39.42,0.51,60.08
328,8_A,ssame,39.17,8.76,52.07
329,J_A,1o,39.08,0.5,60.42
330,Q_A,1o,38.78,0.51,60.71
331,T_A,1o,38.75,0.49,60.76
332,J_A,1o,38.43,0.5,61.07
333,T_A,1o,38.08,0.49,61.43
334,Q_A,sdifferent,37.91,0.48,61.6
335,J_A,sdifferent,37.61,0.48,61.91
336,T_A,sdifferent,37.31,0.47,62.22
337,Q_A,ssame,34.64,0.59,64.78
338,J_A,ssame,34.3,0.58,65.13
339,T_A,ssame,33.95,0.57,65.47
340,9_9,2o,33.59,2.08,64.33
341,Q_Q,2o,31.92,0.37,67.71
342,J_J,2o,31.76,0.36,67.89
343,T_T,2o,31.65,0.36,67.99
344,Q_Q,1o,31.33,0.45,68.22
345,J_J,1o,31.18,0.44,68.38
346,T_T,1o,31.08,0.44,68.48
347,9_A,2o,29.55,2.01,68.45
348,K_A,2o,28.24,1.16,70.6
349,Q_K,2o,28.21,5.37,66.41
350,9_A,sdifferent,27.91,1.97,70.12
351,J_K,2o,27.88,7.22,64.9
352,9_A,1o,27.81,2.12,70.07
353,T_K,2o,27.5,9.85,62.65
354,Q_K,1o,26.97,5.51,67.51
355,Q_K,sdifferent,26.72,5.19,68.08
356,K_A,sdifferent,26.67,1.21,72.12
357,J_K,1o,26.66,7.39,65.96
358,K_A,1o,26.46,1.28,72.26
359,J_K,sdifferent,26.43,6.96,66.61
360,T_K,1o,26.28,10.04,63.68
361,T_K,sdifferent,26.09,9.43,64.47
362,A_A,2o,17.74,0.35,81.91
363,A_A,1o,16.42,0.43,83.15
364,K_K,2o,12.27,1.26,86.47
365,9_K,sdifferent,7.16,85.68,7.16
366,9_K,2o,7.16,90.67,2.17
