,vs_Hand,type,Equity_%,Draws_%,Loses_%
0,2_J,2o,75.43,4.07,20.5
1,2_J,1o,75.03,4.17,20.8
2,3_J,2o,74.97,4.02,21.01
3,7_J,2o,74.64,3.88,21.48
4,3_J,1o,74.55,4.14,21.31
5,4_J,2o,74.51,3.98,21.51
6,6_J,2o,74.37,3.88,21.75
7,7_J,1o,74.2,4.01,21.79
8,4_J,1o,74.08,4.11,21.82
9,5_J,2o,74.06,3.94,22.0
10,6_J,1o,73.93,4.02,22.05
11,5_J,1o,73.61,4.08,22.31
12,8_J,2o,73.11,3.79,23.11
13,8_J,1o,72.7,3.92,23.38
14,9_J,2o,72.7,3.72,23.58
15,T_J,2o,72.55,3.66,23.79
16,9_J,1o,72.34,3.86,23.8
17,T_J,1o,72.26,3.8,23.93
18,2_Q,2o,71.45,8.05,20.5
19,2_T,2o,71.32,0.96,27.72
20,2_T,1o,71.16,1.04,27.8
21,2_J,sdifferent,71.05,3.94,25.02
22,3_Q,2o,71.04,7.95,21.01
23,2_Q,1o,71.02,8.18,20.8
24,2_T,ssame,70.98,1.08,27.94
25,2_T,1o,70.97,1.0,28.02
26,3_T,2o,70.95,0.93,28.12
27,7_Q,2o,70.87,7.65,21.48
28,3_T,1o,70.79,1.01,28.2
29,4_Q,2o,70.63,7.86,21.51
30,3_J,sdifferent,70.61,3.91,25.48
31,4_T,2o,70.6,0.9,28.5
32,3_T,ssame,70.6,1.07,28.33
33,3_T,1o,70.6,0.99,28.41
34,3_Q,1o,70.59,8.09,21.31
35,6_Q,2o,70.57,7.69,21.75
36,5_T,2o,70.56,0.89,28.54
37,8_Q,2o,70.46,7.56,21.98
38,4_T,1o,70.43,0.98,28.59
39,7_Q,1o,70.41,7.8,21.79
40,2_9,2o,70.41,0.94,28.65
41,5_T,1o,70.39,0.97,28.63
42,9_Q,2o,70.37,7.48,22.14
43,7_J,sdifferent,70.28,3.79,25.93
44,4_T,1o,70.23,0.98,28.79
45,4_T,ssame,70.22,1.06,28.72
46,5_Q,2o,70.22,7.78,22.0
47,5_T,1o,70.19,0.98,28.83
48,4_J,sdifferent,70.18,3.88,25.94
49,5_T,ssame,70.18,1.06,28.76
50,4_Q,1o,70.17,8.01,21.82
51,2_9,1o,70.16,1.02,28.82
52,6_Q,1o,70.11,7.84,22.05
53,2_9,1o,70.06,0.98,28.97
54,8_Q,1o,70.06,7.71,22.23
55,3_9,2o,70.05,0.9,29.05
56,6_J,sdifferent,70.04,3.8,26.16
57,2_7,2o,70.03,0.93,29.03
58,9_Q,1o,70.02,7.64,22.34
59,4_9,2o,70.01,0.89,29.1
60,T_Q,2o,70.01,7.69,22.3
61,2_9,ssame,69.97,1.06,28.97
62,2_8,2o,69.8,0.92,29.28
63,3_9,1o,69.79,0.99,29.22
64,5_J,sdifferent,69.76,3.85,26.39
65,5_Q,1o,69.75,7.94,22.31
66,4_9,1o,69.75,0.97,29.27
67,3_8,2o,69.75,0.91,29.34
68,T_Q,1o,69.73,7.85,22.42
69,2_7,1o,69.68,0.97,29.35
70,3_9,1o,69.68,0.97,29.35
71,2_7,1o,69.66,1.02,29.32
72,6_T,2o,69.65,0.85,29.49
73,4_9,1o,69.63,0.96,29.4
74,3_9,ssame,69.59,1.05,29.36
75,4_9,ssame,69.55,1.05,29.4
76,2_7,ssame,69.49,1.06,29.45
77,2_8,1o,69.48,1.01,29.51
78,6_T,1o,69.47,0.93,29.59
79,2_8,1o,69.44,0.96,29.6
80,3_8,1o,69.43,0.99,29.58
81,3_8,1o,69.38,0.96,29.65
82,2_8,ssame,69.29,1.05,29.66
83,6_T,1o,69.27,0.94,29.8
84,3_8,ssame,69.24,1.05,29.71
85,6_T,ssame,69.2,1.01,29.79
86,8_J,sdifferent,68.9,3.72,27.38
87,2_6,2o,68.8,0.93,30.27
88,7_T,2o,68.76,0.86,30.37
89,3_7,2o,68.72,0.9,30.37
90,5_9,2o,68.71,0.87,30.42
91,7_T,1o,68.57,0.94,30.49
92,9_J,sdifferent,68.57,3.66,27.77
93,T_J,sdifferent,68.49,3.62,27.89
94,4_8,2o,68.45,0.88,30.67
95,5_9,1o,68.43,0.96,30.61
96,2_6,1o,68.42,0.96,30.61
97,2_6,1o,68.41,1.01,30.58
98,7_T,1o,68.36,0.95,30.7
99,3_7,1o,68.34,0.96,30.7
100,3_7,1o,68.33,0.99,30.68
101,5_9,1o,68.31,0.96,30.73
102,7_T,ssame,68.27,1.02,30.71
103,2_6,ssame,68.17,1.05,30.78
104,5_9,ssame,68.15,1.04,30.81
105,4_8,1o,68.11,0.97,30.93
106,3_7,ssame,68.08,1.05,30.87
107,4_8,1o,68.05,0.96,30.99
108,2_3,2o,67.98,1.0,31.02
109,6_9,2o,67.85,0.83,31.31
110,4_8,ssame,67.84,1.04,31.12
111,8_T,2o,67.8,0.87,31.33
112,2_4,2o,67.62,0.97,31.41
113,2_3,1o,67.59,1.04,31.37
114,2_3,1o,67.59,1.06,31.35
115,6_9,1o,67.57,0.91,31.52
116,8_T,1o,67.56,0.95,31.5
117,3_6,2o,67.49,0.9,31.61
118,6_9,1o,67.44,0.91,31.64
119,4_7,2o,67.42,0.88,31.7
120,8_T,1o,67.41,0.95,31.64
121,2_Q,sdifferent,67.31,7.67,25.02
122,2_3,ssame,67.28,1.1,31.62
123,8_T,ssame,67.26,1.03,31.71
124,2_5,2o,67.26,0.95,31.79
125,6_9,ssame,67.22,0.99,31.79
126,2_4,1o,67.22,1.01,31.77
127,2_4,1o,67.21,1.05,31.74
128,5_8,2o,67.15,0.86,31.98
129,2_T,sdifferent,67.12,0.95,31.93
130,3_6,1o,67.08,0.96,31.96
131,3_6,1o,67.08,0.98,31.94
132,9_T,2o,67.05,0.88,32.07
133,4_7,1o,67.01,0.95,32.04
134,4_7,1o,67.01,0.97,32.03
135,7_9,2o,67.01,0.84,32.15
136,3_Q,sdifferent,66.93,7.59,25.48
137,2_4,ssame,66.9,1.09,32.02
138,2_5,1o,66.86,0.99,32.15
139,2_5,1o,66.84,1.04,32.12
140,5_8,1o,66.79,0.95,32.26
141,9_T,1o,66.78,0.95,32.27
142,3_T,sdifferent,66.78,0.93,32.28
143,3_6,ssame,66.76,1.04,32.2
144,7_Q,sdifferent,66.75,7.32,25.93
145,5_8,1o,66.73,0.95,32.33
146,9_T,1o,66.7,0.95,32.35
147,7_9,1o,66.7,0.92,32.38
148,4_7,ssame,66.68,1.04,32.28
149,7_9,1o,66.57,0.92,32.51
150,6_8,2o,66.57,0.82,32.61
151,4_Q,sdifferent,66.54,7.52,25.94
152,2_5,ssame,66.52,1.08,32.4
153,9_T,ssame,66.49,1.03,32.48
154,6_Q,sdifferent,66.48,7.36,26.16
155,6_7,2o,66.46,0.82,32.72
156,4_T,sdifferent,66.45,0.92,32.62
157,5_8,ssame,66.44,1.03,32.53
158,8_Q,sdifferent,66.42,7.25,26.33
159,5_T,sdifferent,66.42,0.92,32.66
160,9_Q,sdifferent,66.38,7.19,26.43
161,7_9,ssame,66.33,1.0,32.66
162,3_4,2o,66.31,0.94,32.75
163,2_9,sdifferent,66.24,0.92,32.84
164,6_8,1o,66.2,0.9,32.89
165,4_6,2o,66.19,0.87,32.94
166,5_Q,sdifferent,66.16,7.45,26.39
167,6_8,1o,66.14,0.9,32.96
168,5_7,2o,66.12,0.86,33.01
169,T_Q,sdifferent,66.1,7.39,26.51
170,8_9,2o,66.04,0.85,33.11
171,6_7,1o,66.03,0.9,33.07
172,6_7,1o,66.03,0.91,33.06
173,7_8,2o,65.97,0.83,33.19
174,3_5,2o,65.95,0.92,33.13
175,3_9,sdifferent,65.9,0.91,33.19
176,3_4,1o,65.88,1.02,33.1
177,3_4,1o,65.88,1.0,33.11
178,4_9,sdifferent,65.86,0.91,33.23
179,2_7,sdifferent,65.81,0.92,33.27
180,6_8,ssame,65.79,0.99,33.22
181,4_6,1o,65.75,0.95,33.3
182,4_6,1o,65.75,0.96,33.29
183,5_7,1o,65.69,0.95,33.37
184,8_9,1o,65.69,0.93,33.38
185,5_7,1o,65.68,0.95,33.37
186,6_7,ssame,65.64,0.98,33.38
187,8_9,1o,65.63,0.93,33.45
188,2_8,sdifferent,65.63,0.91,33.45
189,7_8,1o,65.59,0.92,33.49
190,3_8,sdifferent,65.59,0.91,33.5
191,6_T,sdifferent,65.58,0.89,33.53
192,7_8,1o,65.52,0.91,33.56
193,3_5,1o,65.52,0.98,33.5
194,3_5,1o,65.51,1.01,33.48
195,3_4,ssame,65.49,1.08,33.44
196,4_6,ssame,65.35,1.03,33.62
197,8_9,ssame,65.32,1.01,33.67
198,5_7,ssame,65.28,1.03,33.69
199,7_8,ssame,65.17,1.0,33.83
200,3_5,ssame,65.11,1.07,33.82
201,5_6,2o,64.89,0.86,34.26
202,7_T,sdifferent,64.76,0.89,34.34
203,2_6,sdifferent,64.68,0.91,34.41
204,5_9,sdifferent,64.66,0.9,34.43
205,4_5,2o,64.65,0.9,34.45
206,3_7,sdifferent,64.6,0.91,34.49
207,5_6,1o,64.43,0.94,34.63
208,5_6,1o,64.43,0.94,34.63
209,4_8,sdifferent,64.39,0.9,34.71
210,4_5,1o,64.19,0.97,34.84
211,4_5,1o,64.19,0.98,34.83
212,5_6,ssame,63.96,1.02,35.02
213,2_3,sdifferent,63.93,0.98,35.09
214,6_9,sdifferent,63.88,0.86,35.26
215,8_T,sdifferent,63.86,0.9,35.24
216,4_5,ssame,63.71,1.05,35.23
217,2_4,sdifferent,63.6,0.96,35.44
218,3_6,sdifferent,63.47,0.9,35.63
219,4_7,sdifferent,63.4,0.9,35.7
220,2_5,sdifferent,63.27,0.94,35.79
221,5_8,sdifferent,63.19,0.89,35.92
222,9_T,sdifferent,63.18,0.9,35.92
223,7_9,sdifferent,63.09,0.87,36.04
224,6_8,sdifferent,62.65,0.86,36.49
225,6_7,sdifferent,62.51,0.85,36.64
226,3_4,sdifferent,62.39,0.95,36.66
227,4_6,sdifferent,62.27,0.89,36.84
228,5_7,sdifferent,62.2,0.89,36.91
229,8_9,sdifferent,62.19,0.88,36.93
230,7_8,sdifferent,62.1,0.86,37.04
231,3_5,sdifferent,62.06,0.93,37.01
232,5_6,sdifferent,61.07,0.88,38.05
233,4_5,sdifferent,60.86,0.92,38.22
234,2_K,2o,56.87,1.71,41.43
235,3_K,2o,56.7,1.67,41.62
236,7_K,2o,56.7,1.59,41.7
237,6_K,2o,56.54,1.58,41.87
238,4_K,2o,56.54,1.65,41.81
239,8_K,2o,56.52,1.65,41.83
240,5_K,2o,56.38,1.63,41.99
241,2_K,1o,56.27,1.75,41.98
242,7_K,1o,56.1,1.69,42.21
243,3_K,1o,56.1,1.74,42.16
244,8_K,1o,55.97,1.75,42.28
245,4_K,1o,55.93,1.73,42.34
246,6_K,1o,55.93,1.68,42.39
247,5_K,1o,55.76,1.72,42.52
248,2_K,1o,55.75,1.79,42.46
249,7_K,1o,55.59,1.68,42.73
250,3_K,1o,55.59,1.76,42.65
251,4_K,1o,55.42,1.74,42.84
252,6_K,1o,55.42,1.67,42.91
253,8_K,1o,55.4,1.74,42.86
254,6_A,2o,55.38,1.55,43.08
255,7_A,2o,55.38,1.55,43.08
256,9_K,2o,55.29,1.66,43.05
257,5_K,1o,55.26,1.71,43.03
258,2_A,2o,54.83,1.66,43.51
259,8_A,2o,54.79,1.71,43.49
260,9_K,1o,54.77,1.75,43.48
261,7_A,1o,54.76,1.64,43.6
262,6_A,1o,54.75,1.64,43.6
263,3_A,2o,54.67,1.63,43.7
264,4_A,2o,54.51,1.6,43.89
265,5_A,2o,54.34,1.58,44.07
266,8_A,1o,54.22,1.81,43.97
267,2_A,1o,54.2,1.71,44.09
268,6_A,1o,54.19,1.64,44.18
269,7_A,1o,54.19,1.64,44.18
270,9_K,1o,54.12,1.75,44.14
271,3_A,1o,54.04,1.7,44.26
272,4_A,1o,53.87,1.69,44.44
273,5_A,1o,53.7,1.68,44.62
274,2_A,1o,53.63,1.75,44.61
275,8_A,1o,53.59,1.81,44.6
276,3_A,1o,53.47,1.72,44.81
277,2_K,sdifferent,53.45,1.63,44.92
278,3_K,sdifferent,53.3,1.62,45.08
279,4_A,1o,53.3,1.69,45.0
280,7_K,sdifferent,53.3,1.57,45.13
281,8_K,sdifferent,53.18,1.63,45.19
282,4_K,sdifferent,53.15,1.61,45.24
283,6_K,sdifferent,53.15,1.56,45.29
284,5_A,1o,53.14,1.67,45.19
285,5_K,sdifferent,53.0,1.6,45.4
286,2_2,2o,52.13,1.15,46.72
287,9_K,sdifferent,52.04,1.63,46.33
288,6_A,sdifferent,52.01,1.52,46.46
289,7_A,sdifferent,52.01,1.52,46.46
290,2_K,ssame,51.93,1.84,46.23
291,2_2,1o,51.79,1.19,47.02
292,3_K,ssame,51.76,1.83,46.41
293,7_K,ssame,51.76,1.77,46.46
294,3_3,2o,51.61,0.95,47.45
295,6_K,ssame,51.6,1.76,46.64
296,4_K,ssame,51.6,1.82,46.59
297,8_K,ssame,51.58,1.83,46.59
298,8_A,sdifferent,51.52,1.68,46.8
299,2_A,sdifferent,51.51,1.59,46.9
300,5_K,ssame,51.43,1.81,46.76
301,3_A,sdifferent,51.36,1.58,47.06
302,3_3,1o,51.26,1.01,47.73
303,4_A,sdifferent,51.22,1.56,47.22
304,4_4,2o,51.13,0.77,48.1
305,5_A,sdifferent,51.07,1.55,47.38
306,4_4,1o,50.78,0.85,48.37
307,5_5,2o,50.7,0.62,48.68
308,6_6,2o,50.48,0.5,49.02
309,7_A,ssame,50.4,1.73,47.87
310,6_A,ssame,50.4,1.73,47.87
311,5_5,1o,50.34,0.71,48.95
312,7_7,2o,50.3,0.45,49.25
313,9_K,ssame,50.29,1.84,47.87
314,6_6,1o,50.13,0.59,49.29
315,7_7,1o,49.96,0.53,49.51
316,2_A,ssame,49.84,1.8,48.36
317,8_A,ssame,49.79,1.9,48.31
318,3_A,ssame,49.67,1.79,48.54
319,4_A,ssame,49.5,1.78,48.72
320,5_A,ssame,49.34,1.77,48.9
321,8_8,2o,48.99,0.4,50.61
322,8_8,1o,48.67,0.48,50.85
323,9_9,2o,48.03,0.37,51.6
324,9_9,1o,47.73,0.45,51.81
325,T_T,2o,46.91,0.37,52.72
326,T_T,1o,46.66,0.45,52.89
327,9_A,2o,46.52,10.0,43.48
328,9_A,1o,45.94,10.16,43.9
329,9_A,1o,45.25,10.16,44.59
330,T_A,2o,44.84,0.42,54.74
331,T_A,1o,44.3,0.5,55.21
332,T_K,2o,43.95,11.42,44.63
333,9_A,sdifferent,43.93,9.33,46.74
334,T_A,1o,43.5,0.5,56.0
335,T_K,1o,43.37,11.59,45.04
336,T_K,1o,42.62,11.59,45.79
337,T_A,sdifferent,42.38,0.47,57.14
338,T_K,sdifferent,41.57,10.64,47.8
339,9_A,ssame,41.38,10.32,48.29
340,T_A,ssame,39.63,0.58,59.79
341,K_A,2o,39.4,0.44,60.15
342,T_K,ssame,38.71,11.75,49.54
343,K_A,1o,38.0,0.52,61.48
344,K_A,1o,37.94,0.52,61.53
345,K_A,sdifferent,37.03,0.5,62.47
346,J_J,2o,36.24,1.5,62.26
347,K_A,ssame,33.74,0.6,65.65
348,J_A,2o,31.05,1.4,67.55
349,Q_A,2o,30.96,1.42,67.62
350,J_K,2o,29.52,2.39,68.09
351,Q_K,2o,29.44,2.41,68.15
352,J_A,1o,29.44,1.51,69.05
353,J_A,sdifferent,29.39,1.42,69.19
354,Q_A,1o,29.35,1.53,69.12
355,Q_A,sdifferent,29.31,1.44,69.25
356,J_K,sdifferent,28.04,2.39,69.57
357,J_K,1o,27.95,2.51,69.54
358,Q_K,sdifferent,27.95,2.41,69.64
359,Q_K,1o,27.86,2.53,69.61
360,A_A,2o,19.52,0.36,80.12
361,A_A,1o,18.3,0.44,81.26
362,K_K,2o,18.1,0.38,81.52
363,K_K,1o,16.88,0.46,82.65
364,Q_Q,2o,15.03,1.59,83.38
365,J_Q,2o,7.16,90.67,2.17
366,J_Q,sdifferent,7.16,85.69,7.16
