,vs_Hand,type,Equity_%,Draws_%,Loses_%
0,2_K,2o,77.94,1.31,20.76
1,2_K,1o,77.55,1.36,21.09
2,3_K,2o,77.46,1.27,21.27
3,3_K,1o,77.06,1.34,21.6
4,4_K,2o,76.98,1.25,21.77
5,9_K,2o,76.57,1.18,22.24
6,4_K,1o,76.57,1.33,22.1
7,5_K,2o,76.51,1.22,22.26
8,8_K,2o,76.31,1.17,22.52
9,9_K,1o,76.12,1.28,22.61
10,6_K,2o,76.1,1.17,22.72
11,5_K,1o,76.09,1.32,22.6
12,7_K,2o,76.05,1.16,22.79
13,8_K,1o,75.85,1.27,22.88
14,6_K,1o,75.64,1.27,23.09
15,7_K,1o,75.59,1.26,23.16
16,Q_K,2o,75.15,1.12,23.73
17,J_K,2o,74.86,1.11,24.03
18,Q_K,1o,74.74,1.22,24.04
19,T_K,2o,74.57,1.1,24.33
20,J_K,1o,74.45,1.21,24.34
21,T_K,1o,74.15,1.2,24.65
22,2_K,sdifferent,73.45,1.28,25.27
23,Q_A,2o,73.35,4.41,22.24
24,9_A,2o,73.29,4.46,22.24
25,6_A,2o,73.15,4.12,22.72
26,J_A,2o,73.06,4.4,22.54
27,2_A,2o,73.04,4.71,22.25
28,8_A,2o,73.01,4.47,22.52
29,3_K,sdifferent,73.0,1.27,25.73
30,Q_A,1o,72.96,4.51,22.52
31,9_A,1o,72.82,4.57,22.61
32,T_A,2o,72.77,4.39,22.84
33,7_A,2o,72.73,4.48,22.79
34,6_A,1o,72.69,4.23,23.09
35,J_A,1o,72.67,4.5,22.83
36,3_A,2o,72.61,4.62,22.76
37,2_A,1o,72.59,4.81,22.61
38,4_K,sdifferent,72.55,1.26,26.19
39,8_A,1o,72.54,4.58,22.88
40,T_A,1o,72.37,4.5,23.13
41,7_A,1o,72.25,4.6,23.16
42,4_A,2o,72.19,4.55,23.26
43,3_A,1o,72.15,4.74,23.11
44,9_K,sdifferent,72.12,1.21,26.67
45,5_K,sdifferent,72.11,1.24,26.64
46,8_K,sdifferent,71.88,1.2,26.92
47,5_A,2o,71.76,4.49,23.76
48,6_K,sdifferent,71.71,1.2,27.09
49,4_A,1o,71.71,4.67,23.62
50,7_K,sdifferent,71.65,1.19,27.16
51,5_A,1o,71.27,4.62,24.11
52,Q_K,sdifferent,70.85,1.16,27.99
53,J_K,sdifferent,70.59,1.15,28.26
54,T_K,sdifferent,70.32,1.14,28.53
55,2_Q,2o,70.18,0.53,29.3
56,2_J,2o,69.86,0.52,29.63
57,2_Q,1o,69.84,0.61,29.55
58,3_Q,2o,69.81,0.5,29.69
59,2_Q,1o,69.79,0.57,29.64
60,2_Q,ssame,69.63,0.65,29.72
61,2_T,2o,69.54,0.5,29.95
62,2_J,1o,69.51,0.6,29.89
63,3_J,2o,69.49,0.48,30.02
64,2_J,1o,69.47,0.56,29.98
65,3_Q,1o,69.47,0.58,29.96
66,4_Q,2o,69.45,0.47,30.08
67,3_Q,1o,69.42,0.56,30.03
68,2_9,2o,69.34,0.5,30.17
69,2_J,ssame,69.3,0.64,30.06
70,3_Q,ssame,69.25,0.64,30.11
71,7_Q,2o,69.22,0.4,30.38
72,2_T,1o,69.19,0.59,30.22
73,3_T,2o,69.18,0.47,30.35
74,Q_A,sdifferent,69.16,4.23,26.61
75,2_T,1o,69.15,0.54,30.31
76,3_J,1o,69.14,0.57,30.29
77,4_J,2o,69.14,0.46,30.41
78,4_Q,1o,69.1,0.55,30.34
79,5_Q,2o,69.1,0.45,30.45
80,3_J,1o,69.09,0.54,30.36
81,9_A,sdifferent,69.06,4.27,26.67
82,2_7,2o,69.06,0.49,30.45
83,4_Q,1o,69.05,0.54,30.41
84,2_8,2o,69.04,0.49,30.48
85,3_8,2o,68.99,0.47,30.54
86,3_9,2o,68.97,0.47,30.56
87,2_T,ssame,68.97,0.63,30.4
88,6_A,sdifferent,68.95,3.96,27.09
89,2_9,1o,68.94,0.54,30.52
90,4_9,2o,68.93,0.45,30.61
91,3_J,ssame,68.92,0.63,30.45
92,J_A,sdifferent,68.9,4.22,26.88
93,2_9,1o,68.9,0.59,30.51
94,4_Q,ssame,68.87,0.63,30.5
95,7_Q,1o,68.87,0.48,30.65
96,2_A,sdifferent,68.86,4.49,26.65
97,6_Q,2o,68.84,0.4,30.76
98,6_J,2o,68.84,0.4,30.76
99,3_T,1o,68.82,0.56,30.63
100,4_T,2o,68.82,0.44,30.74
101,8_A,sdifferent,68.8,4.28,26.92
102,5_T,2o,68.79,0.44,30.78
103,5_J,2o,68.79,0.44,30.78
104,4_J,1o,68.78,0.54,30.68
105,7_Q,1o,68.78,0.49,30.73
106,3_T,1o,68.77,0.53,30.7
107,5_Q,1o,68.75,0.53,30.72
108,4_J,1o,68.72,0.53,30.74
109,2_9,ssame,68.7,0.63,30.68
110,5_Q,1o,68.68,0.53,30.78
111,2_7,1o,68.66,0.52,30.82
112,T_A,sdifferent,68.64,4.21,27.15
113,2_8,1o,68.64,0.53,30.84
114,2_7,1o,68.62,0.58,30.8
115,7_Q,ssame,68.61,0.57,30.82
116,2_8,1o,68.6,0.58,30.83
117,3_T,ssame,68.59,0.62,30.79
118,3_8,1o,68.58,0.52,30.89
119,3_9,1o,68.57,0.53,30.91
120,7_A,sdifferent,68.55,4.29,27.16
121,3_8,1o,68.55,0.56,30.89
122,4_J,ssame,68.55,0.61,30.84
123,3_9,1o,68.53,0.55,30.91
124,4_9,1o,68.52,0.53,30.96
125,5_Q,ssame,68.51,0.61,30.88
126,4_9,1o,68.49,0.54,30.97
127,6_Q,1o,68.48,0.48,31.04
128,6_J,1o,68.47,0.48,31.04
129,3_A,sdifferent,68.46,4.42,27.12
130,4_T,1o,68.46,0.53,31.01
131,5_T,1o,68.42,0.52,31.06
132,5_J,1o,68.42,0.52,31.06
133,2_7,ssame,68.41,0.62,30.97
134,4_T,1o,68.4,0.52,31.08
135,2_8,ssame,68.39,0.61,31.0
136,6_J,1o,68.39,0.49,31.12
137,6_Q,1o,68.39,0.49,31.12
138,5_J,1o,68.36,0.52,31.12
139,5_T,1o,68.36,0.52,31.12
140,3_8,ssame,68.33,0.61,31.05
141,3_9,ssame,68.32,0.61,31.07
142,4_9,ssame,68.27,0.61,31.12
143,8_Q,2o,68.27,0.41,31.32
144,4_T,ssame,68.22,0.6,31.18
145,6_Q,ssame,68.21,0.57,31.22
146,6_J,ssame,68.21,0.57,31.22
147,5_T,ssame,68.18,0.6,31.22
148,5_J,ssame,68.18,0.6,31.22
149,4_A,sdifferent,68.06,4.36,27.58
150,7_J,2o,67.95,0.39,31.65
151,8_Q,1o,67.91,0.49,31.6
152,2_6,2o,67.85,0.5,31.65
153,8_Q,1o,67.82,0.5,31.68
154,3_7,2o,67.75,0.46,31.79
155,4_8,2o,67.69,0.44,31.87
156,5_A,sdifferent,67.66,4.31,28.03
157,5_9,2o,67.63,0.44,31.93
158,8_Q,ssame,67.58,0.58,31.84
159,7_J,1o,67.58,0.47,31.95
160,6_T,2o,67.57,0.39,32.04
161,7_J,1o,67.5,0.48,32.03
162,2_3,2o,67.48,0.59,31.93
163,2_6,1o,67.42,0.54,32.05
164,9_Q,2o,67.39,0.42,32.18
165,2_6,1o,67.39,0.59,32.01
166,3_7,1o,67.32,0.52,32.16
167,3_7,1o,67.29,0.55,32.16
168,7_J,ssame,67.25,0.56,32.19
169,4_8,1o,67.25,0.52,32.23
170,4_8,1o,67.23,0.53,32.24
171,6_T,1o,67.19,0.48,32.34
172,5_9,1o,67.19,0.52,32.29
173,5_9,1o,67.17,0.52,32.3
174,2_4,2o,67.12,0.56,32.32
175,6_T,1o,67.11,0.48,32.41
176,2_6,ssame,67.09,0.63,32.28
177,2_3,1o,67.04,0.63,32.33
178,2_3,1o,67.04,0.65,32.31
179,9_Q,1o,67.01,0.5,32.48
180,8_J,2o,67.01,0.4,32.59
181,3_7,ssame,67.0,0.61,32.39
182,4_8,ssame,66.93,0.6,32.46
183,9_Q,1o,66.92,0.51,32.57
184,5_9,ssame,66.87,0.6,32.52
185,6_T,ssame,66.85,0.56,32.58
186,2_5,2o,66.76,0.54,32.7
187,2_3,ssame,66.73,0.69,32.59
188,7_T,2o,66.69,0.38,32.93
189,2_4,1o,66.67,0.6,32.72
190,9_Q,ssame,66.67,0.59,32.74
191,2_4,1o,66.66,0.64,32.7
192,8_J,1o,66.62,0.48,32.9
193,3_6,2o,66.54,0.47,32.98
194,8_J,1o,66.54,0.49,32.98
195,4_7,2o,66.45,0.44,33.12
196,6_9,2o,66.42,0.39,33.19
197,J_Q,2o,66.42,0.44,33.14
198,5_8,2o,66.39,0.43,33.19
199,2_4,ssame,66.35,0.68,32.98
200,2_5,1o,66.31,0.58,33.11
201,2_5,1o,66.29,0.63,33.08
202,7_T,1o,66.29,0.47,33.24
203,8_J,ssame,66.22,0.57,33.21
204,7_T,1o,66.21,0.47,33.32
205,9_J,2o,66.13,0.42,33.46
206,T_Q,2o,66.1,0.43,33.47
207,3_6,1o,66.08,0.53,33.39
208,3_6,1o,66.06,0.56,33.37
209,4_7,1o,65.99,0.51,33.5
210,J_Q,1o,65.99,0.52,33.49
211,J_Q,1o,65.99,0.52,33.49
212,2_5,ssame,65.97,0.66,33.36
213,4_7,1o,65.96,0.53,33.51
214,2_Q,sdifferent,65.96,0.54,33.51
215,6_9,1o,65.94,0.48,33.58
216,6_9,1o,65.94,0.48,33.58
217,5_8,1o,65.93,0.51,33.57
218,5_8,1o,65.91,0.52,33.58
219,7_T,ssame,65.89,0.55,33.56
220,8_9,2o,65.84,0.39,33.77
221,3_4,2o,65.81,0.53,33.66
222,8_T,2o,65.74,0.39,33.86
223,9_J,1o,65.73,0.5,33.78
224,3_6,ssame,65.69,0.62,33.7
225,2_J,sdifferent,65.67,0.53,33.81
226,T_Q,1o,65.67,0.51,33.82
227,T_Q,1o,65.66,0.51,33.83
228,J_Q,ssame,65.65,0.6,33.74
229,9_J,1o,65.64,0.5,33.86
230,3_Q,sdifferent,65.62,0.53,33.85
231,4_7,ssame,65.6,0.6,33.81
232,6_9,ssame,65.55,0.56,33.89
233,7_9,2o,65.54,0.38,34.08
234,5_8,ssame,65.53,0.59,33.87
235,3_5,2o,65.45,0.51,34.03
236,2_T,sdifferent,65.38,0.52,34.11
237,8_9,1o,65.35,0.48,34.17
238,8_9,1o,65.35,0.48,34.17
239,8_T,1o,65.33,0.48,34.19
240,3_4,1o,65.33,0.61,34.06
241,3_J,sdifferent,65.33,0.52,34.15
242,3_4,1o,65.33,0.59,34.07
243,T_Q,ssame,65.32,0.59,34.08
244,9_J,ssame,65.31,0.58,34.11
245,4_Q,sdifferent,65.29,0.52,34.2
246,8_T,1o,65.25,0.48,34.27
247,4_6,2o,65.24,0.45,34.31
248,6_8,2o,65.18,0.38,34.44
249,5_7,2o,65.15,0.42,34.43
250,2_9,sdifferent,65.13,0.51,34.35
251,7_9,1o,65.05,0.47,34.49
252,7_Q,sdifferent,65.05,0.46,34.48
253,3_T,sdifferent,65.04,0.51,34.45
254,7_9,1o,65.04,0.47,34.49
255,4_J,sdifferent,65.0,0.51,34.5
256,3_5,1o,64.97,0.57,34.46
257,3_5,1o,64.96,0.6,34.44
258,5_Q,sdifferent,64.96,0.5,34.53
259,3_4,ssame,64.94,0.67,34.4
260,8_9,ssame,64.9,0.56,34.54
261,2_7,sdifferent,64.88,0.51,34.61
262,9_T,2o,64.87,0.41,34.73
263,8_T,ssame,64.87,0.56,34.57
264,2_8,sdifferent,64.86,0.51,34.64
265,T_J,2o,64.84,0.42,34.74
266,3_8,sdifferent,64.81,0.5,34.68
267,3_9,sdifferent,64.8,0.5,34.7
268,4_9,sdifferent,64.75,0.5,34.74
269,4_6,1o,64.75,0.52,34.73
270,4_6,1o,64.74,0.54,34.72
271,4_T,sdifferent,64.71,0.5,34.8
272,6_Q,sdifferent,64.7,0.46,34.83
273,6_J,sdifferent,64.7,0.47,34.83
274,5_J,sdifferent,64.67,0.5,34.83
275,6_8,1o,64.67,0.47,34.86
276,5_T,sdifferent,64.67,0.5,34.83
277,6_8,1o,64.67,0.47,34.86
278,5_7,1o,64.66,0.5,34.84
279,5_7,1o,64.64,0.51,34.85
280,7_9,ssame,64.59,0.55,34.86
281,3_5,ssame,64.56,0.65,34.78
282,9_T,1o,64.44,0.49,35.07
283,T_J,1o,64.38,0.5,35.12
284,T_J,1o,64.38,0.5,35.12
285,9_T,1o,64.35,0.49,35.16
286,7_8,2o,64.29,0.37,35.34
287,4_6,ssame,64.28,0.61,35.11
288,6_8,ssame,64.21,0.55,35.24
289,5_7,ssame,64.2,0.59,35.22
290,8_Q,sdifferent,64.18,0.47,35.34
291,4_5,2o,64.15,0.49,35.36
292,T_J,ssame,63.96,0.58,35.45
293,9_T,ssame,63.95,0.57,35.48
294,5_6,2o,63.94,0.43,35.63
295,6_7,2o,63.93,0.37,35.69
296,7_J,sdifferent,63.89,0.46,35.65
297,7_8,1o,63.78,0.46,35.77
298,7_8,1o,63.78,0.46,35.76
299,2_6,sdifferent,63.76,0.52,35.72
300,3_7,sdifferent,63.67,0.5,35.83
301,4_5,1o,63.64,0.57,35.79
302,4_5,1o,63.64,0.56,35.8
303,4_8,sdifferent,63.61,0.5,35.89
304,5_9,sdifferent,63.56,0.49,35.95
305,6_T,sdifferent,63.54,0.46,36.0
306,2_3,sdifferent,63.43,0.6,35.97
307,5_6,1o,63.42,0.51,36.07
308,5_6,1o,63.42,0.52,36.06
309,6_7,1o,63.41,0.46,36.13
310,6_7,1o,63.41,0.46,36.13
311,9_Q,sdifferent,63.37,0.48,36.15
312,7_8,ssame,63.25,0.54,36.21
313,4_5,ssame,63.16,0.64,36.2
314,2_4,sdifferent,63.1,0.57,36.33
315,8_J,sdifferent,63.02,0.47,36.51
316,5_6,ssame,62.88,0.6,36.52
317,6_7,ssame,62.87,0.54,36.58
318,2_5,sdifferent,62.77,0.56,36.68
319,7_T,sdifferent,62.73,0.45,36.82
320,3_6,sdifferent,62.55,0.51,36.94
321,J_Q,sdifferent,62.47,0.5,37.03
322,4_7,sdifferent,62.47,0.49,37.04
323,6_9,sdifferent,62.43,0.45,37.12
324,5_8,sdifferent,62.41,0.49,37.1
325,9_J,sdifferent,62.21,0.48,37.32
326,T_Q,sdifferent,62.18,0.49,37.33
327,8_9,sdifferent,61.89,0.45,37.66
328,3_4,sdifferent,61.89,0.56,37.55
329,8_T,sdifferent,61.86,0.46,37.68
330,7_9,sdifferent,61.62,0.45,37.94
331,3_5,sdifferent,61.56,0.55,37.9
332,4_6,sdifferent,61.35,0.5,38.15
333,6_8,sdifferent,61.28,0.45,38.27
334,5_7,sdifferent,61.28,0.48,38.25
335,9_T,sdifferent,61.05,0.47,38.49
336,T_J,sdifferent,61.02,0.48,38.5
337,7_8,sdifferent,60.47,0.44,39.09
338,4_5,sdifferent,60.36,0.54,39.11
339,5_6,sdifferent,60.15,0.49,39.36
340,6_7,sdifferent,60.14,0.44,39.42
341,2_2,2o,49.77,0.63,49.6
342,2_2,1o,49.37,0.67,49.96
343,3_3,2o,49.12,0.55,50.33
344,3_3,1o,48.71,0.61,50.68
345,4_4,2o,48.53,0.49,50.98
346,4_4,1o,48.12,0.56,51.32
347,5_5,2o,48.0,0.43,51.56
348,7_7,2o,47.71,0.34,51.95
349,6_6,2o,47.7,0.37,51.93
350,5_5,1o,47.59,0.52,51.89
351,8_8,2o,47.54,0.35,52.11
352,9_9,2o,47.43,0.37,52.21
353,7_7,1o,47.28,0.43,52.28
354,6_6,1o,47.27,0.46,52.27
355,8_8,1o,47.12,0.44,52.44
356,9_9,1o,47.01,0.45,52.54
357,Q_Q,2o,46.02,0.39,53.59
358,J_J,2o,45.94,0.38,53.68
359,T_T,2o,45.92,0.36,53.71
360,Q_Q,1o,45.65,0.47,53.88
361,J_J,1o,45.56,0.46,53.98
362,T_T,1o,45.54,0.45,54.01
363,K_K,2o,33.69,0.82,65.48
364,A_A,2o,11.51,1.26,87.23
365,K_A,sdifferent,7.16,85.69,7.16
366,K_A,2o,7.16,90.67,2.17
