,vs_Hand,type,Equity_%,Draws_%,Loses_%
0,2_Q,2o,77.58,1.7,20.72
1,2_Q,1o,77.19,1.76,21.05
2,3_Q,2o,77.1,1.67,21.23
3,3_Q,1o,76.7,1.75,21.56
4,4_Q,2o,76.63,1.64,21.73
5,4_Q,1o,76.21,1.73,22.06
6,5_Q,2o,76.16,1.62,22.22
7,7_Q,2o,76.05,1.57,22.38
8,6_Q,2o,75.75,1.57,22.69
9,5_Q,1o,75.72,1.72,22.56
10,7_Q,1o,75.59,1.67,22.74
11,6_Q,1o,75.28,1.68,23.04
12,Q_K,2o,75.15,1.1,23.75
13,9_Q,2o,75.13,1.48,23.39
14,8_Q,2o,74.87,1.47,23.66
15,Q_K,1o,74.75,1.2,24.06
16,9_Q,1o,74.65,1.6,23.75
17,8_Q,1o,74.38,1.59,24.03
18,J_Q,2o,73.42,1.41,25.18
19,T_Q,2o,73.13,1.39,25.48
20,2_Q,sdifferent,73.12,1.64,25.23
21,J_Q,1o,72.99,1.53,25.49
22,T_Q,1o,72.69,1.52,25.79
23,3_Q,sdifferent,72.67,1.63,25.7
24,J_A,2o,72.32,5.49,22.19
25,4_Q,sdifferent,72.23,1.62,26.15
26,9_A,2o,72.19,5.55,22.26
27,6_A,2o,72.08,5.23,22.69
28,T_A,2o,72.03,5.48,22.49
29,7_A,2o,72.02,5.6,22.38
30,J_A,1o,71.94,5.61,22.45
31,2_A,2o,71.94,5.85,22.21
32,8_A,2o,71.9,5.57,22.54
33,5_Q,sdifferent,71.79,1.61,26.61
34,9_A,1o,71.72,5.67,22.61
35,7_Q,sdifferent,71.65,1.56,26.78
36,T_A,1o,71.64,5.6,22.76
37,6_A,1o,71.6,5.35,23.04
38,7_A,1o,71.54,5.72,22.74
39,3_A,2o,71.52,5.76,22.72
40,2_A,1o,71.47,5.96,22.56
41,8_A,1o,71.43,5.69,22.88
42,6_Q,sdifferent,71.38,1.57,27.05
43,4_A,2o,71.1,5.67,23.23
44,3_A,1o,71.04,5.89,23.07
45,Q_K,sdifferent,70.85,1.14,28.01
46,9_Q,sdifferent,70.79,1.5,27.72
47,5_A,2o,70.68,5.6,23.72
48,4_A,1o,70.61,5.81,23.58
49,8_Q,sdifferent,70.55,1.49,27.96
50,5_A,1o,70.18,5.75,24.07
51,2_J,2o,70.15,0.51,29.34
52,2_T,2o,69.83,0.5,29.67
53,2_J,1o,69.82,0.59,29.59
54,3_J,2o,69.78,0.48,29.74
55,2_J,1o,69.76,0.55,29.69
56,2_J,ssame,69.62,0.63,29.76
57,2_T,1o,69.5,0.58,29.92
58,3_T,2o,69.47,0.46,30.07
59,2_7,2o,69.46,0.49,30.05
60,3_J,1o,69.45,0.56,29.99
61,2_T,1o,69.44,0.54,30.03
62,4_J,2o,69.43,0.45,30.12
63,3_J,1o,69.39,0.54,30.08
64,2_9,2o,69.3,0.49,30.21
65,2_T,ssame,69.29,0.62,30.1
66,J_Q,sdifferent,69.25,1.44,29.31
67,3_J,ssame,69.24,0.62,30.15
68,3_T,1o,69.13,0.55,30.32
69,6_J,2o,69.12,0.39,30.48
70,4_T,2o,69.11,0.44,30.45
71,4_J,1o,69.09,0.53,30.38
72,5_T,2o,69.07,0.43,30.5
73,2_7,1o,69.07,0.53,30.4
74,5_J,2o,69.07,0.43,30.5
75,3_T,1o,69.06,0.52,30.41
76,2_7,1o,69.04,0.58,30.38
77,4_J,1o,69.02,0.52,30.46
78,2_8,2o,69.0,0.48,30.52
79,T_Q,sdifferent,68.99,1.43,29.58
80,3_8,2o,68.95,0.46,30.59
81,3_9,2o,68.93,0.46,30.61
82,3_T,ssame,68.91,0.61,30.49
83,2_9,1o,68.9,0.53,30.57
84,4_9,2o,68.89,0.45,30.66
85,2_9,1o,68.88,0.58,30.54
86,4_J,ssame,68.86,0.61,30.53
87,2_7,ssame,68.84,0.62,30.55
88,6_J,1o,68.79,0.47,30.74
89,4_T,1o,68.77,0.52,30.71
90,5_J,1o,68.74,0.51,30.75
91,5_T,1o,68.73,0.51,30.75
92,4_T,1o,68.7,0.51,30.79
93,6_J,1o,68.69,0.48,30.83
94,2_9,ssame,68.67,0.62,30.71
95,5_T,1o,68.66,0.51,30.83
96,5_J,1o,68.66,0.51,30.83
97,2_8,1o,68.6,0.52,30.89
98,2_8,1o,68.57,0.57,30.86
99,3_8,1o,68.54,0.52,30.94
100,4_T,ssame,68.53,0.6,30.87
101,6_J,ssame,68.53,0.56,30.91
102,3_8,1o,68.53,0.55,30.92
103,3_9,1o,68.53,0.52,30.95
104,3_9,1o,68.51,0.54,30.94
105,5_J,ssame,68.49,0.59,30.91
106,5_T,ssame,68.49,0.59,30.91
107,4_9,1o,68.48,0.52,31.0
108,4_9,1o,68.47,0.53,31.0
109,2_8,ssame,68.36,0.61,31.03
110,3_8,ssame,68.31,0.61,31.08
111,3_9,ssame,68.29,0.6,31.1
112,7_J,2o,68.26,0.39,31.35
113,4_9,ssame,68.25,0.6,31.15
114,J_A,sdifferent,68.17,5.29,26.54
115,3_7,2o,68.15,0.46,31.38
116,9_A,sdifferent,68.0,5.33,26.67
117,2_6,2o,67.94,0.49,31.57
118,T_A,sdifferent,67.91,5.28,26.81
119,7_J,1o,67.91,0.47,31.61
120,6_A,sdifferent,67.9,5.04,27.05
121,6_T,2o,67.86,0.38,31.75
122,7_A,sdifferent,67.84,5.38,26.78
123,7_J,1o,67.81,0.48,31.71
124,2_A,sdifferent,67.78,5.6,26.62
125,3_7,1o,67.73,0.52,31.75
126,8_A,sdifferent,67.73,5.35,26.92
127,3_7,1o,67.7,0.55,31.75
128,4_8,2o,67.65,0.44,31.92
129,5_9,2o,67.59,0.43,31.98
130,7_J,ssame,67.59,0.56,31.85
131,2_3,2o,67.57,0.58,31.85
132,2_6,1o,67.51,0.53,31.96
133,6_T,1o,67.5,0.47,32.03
134,2_6,1o,67.49,0.58,31.93
135,3_7,ssame,67.43,0.61,31.97
136,6_T,1o,67.4,0.47,32.13
137,3_A,sdifferent,67.39,5.53,27.08
138,2_K,2o,67.29,0.53,32.18
139,2_4,2o,67.21,0.55,32.24
140,4_8,1o,67.21,0.51,32.28
141,4_8,1o,67.2,0.52,32.27
142,2_6,ssame,67.19,0.62,32.19
143,6_T,ssame,67.17,0.55,32.28
144,8_J,2o,67.17,0.4,32.44
145,5_9,1o,67.15,0.51,32.34
146,5_9,1o,67.15,0.51,32.34
147,2_3,1o,67.13,0.62,32.25
148,2_3,1o,67.13,0.64,32.23
149,4_A,sdifferent,67.0,5.46,27.54
150,7_T,2o,67.0,0.38,32.62
151,3_K,2o,66.93,0.5,32.58
152,4_8,ssame,66.91,0.6,32.5
153,2_5,2o,66.85,0.53,32.62
154,5_9,ssame,66.85,0.59,32.56
155,4_7,2o,66.85,0.44,32.71
156,2_K,1o,66.84,0.57,32.59
157,2_3,ssame,66.82,0.68,32.5
158,2_K,1o,66.79,0.61,32.6
159,8_J,1o,66.79,0.48,32.73
160,2_4,1o,66.76,0.59,32.64
161,2_4,1o,66.75,0.63,32.62
162,8_J,1o,66.7,0.48,32.82
163,3_6,2o,66.63,0.46,32.91
164,7_T,1o,66.63,0.47,32.91
165,5_A,sdifferent,66.61,5.4,27.99
166,4_K,2o,66.57,0.47,32.96
167,7_T,1o,66.53,0.47,33.0
168,2_K,ssame,66.52,0.65,32.83
169,8_K,2o,66.5,0.41,33.09
170,3_K,1o,66.46,0.56,32.98
171,8_J,ssame,66.44,0.56,32.99
172,2_4,ssame,66.44,0.67,32.89
173,3_K,1o,66.42,0.58,33.0
174,4_7,1o,66.4,0.51,33.09
175,2_5,1o,66.4,0.57,33.03
176,2_5,1o,66.39,0.62,33.0
177,4_7,1o,66.38,0.53,33.09
178,6_9,2o,66.38,0.38,33.24
179,5_8,2o,66.35,0.42,33.23
180,7_K,2o,66.33,0.4,33.27
181,9_J,2o,66.29,0.41,33.3
182,7_T,ssame,66.23,0.55,33.22
183,5_K,2o,66.22,0.45,33.33
184,3_6,1o,66.17,0.52,33.31
185,3_6,1o,66.15,0.55,33.29
186,3_K,ssame,66.14,0.64,33.22
187,4_K,1o,66.1,0.54,33.36
188,2_5,ssame,66.07,0.65,33.28
189,4_K,1o,66.06,0.55,33.39
190,4_7,ssame,66.02,0.6,33.38
191,8_K,1o,66.02,0.5,33.48
192,8_K,1o,65.99,0.49,33.52
193,6_K,2o,65.95,0.4,33.65
194,2_J,sdifferent,65.94,0.52,33.53
195,6_9,1o,65.92,0.47,33.62
196,6_9,1o,65.9,0.47,33.63
197,3_4,2o,65.9,0.52,33.58
198,8_T,2o,65.9,0.39,33.71
199,9_J,1o,65.89,0.49,33.62
200,5_8,1o,65.89,0.5,33.61
201,5_8,1o,65.88,0.51,33.61
202,7_9,2o,65.84,0.38,33.77
203,7_K,1o,65.83,0.49,33.68
204,7_K,1o,65.82,0.48,33.7
205,9_J,1o,65.8,0.49,33.71
206,3_6,ssame,65.78,0.61,33.61
207,4_K,ssame,65.77,0.63,33.61
208,5_K,1o,65.73,0.53,33.73
209,5_K,1o,65.7,0.53,33.77
210,8_K,ssame,65.69,0.58,33.73
211,2_T,sdifferent,65.65,0.51,33.83
212,9_K,2o,65.62,0.42,33.95
213,3_J,sdifferent,65.61,0.51,33.88
214,5_7,2o,65.55,0.42,34.03
215,3_5,2o,65.54,0.5,33.96
216,9_J,ssame,65.53,0.57,33.9
217,6_9,ssame,65.53,0.55,33.92
218,5_8,ssame,65.51,0.59,33.91
219,8_T,1o,65.5,0.47,34.03
220,7_K,ssame,65.5,0.57,33.93
221,6_K,1o,65.44,0.49,34.07
222,3_4,1o,65.43,0.58,33.99
223,6_K,1o,65.43,0.48,34.09
224,8_T,1o,65.42,0.47,34.11
225,3_4,1o,65.42,0.6,33.98
226,5_K,ssame,65.4,0.61,33.99
227,7_9,1o,65.38,0.47,34.16
228,7_9,1o,65.36,0.47,34.17
229,4_6,2o,65.33,0.44,34.23
230,3_T,sdifferent,65.32,0.5,34.18
231,4_J,sdifferent,65.28,0.5,34.22
232,2_7,sdifferent,65.26,0.51,34.24
233,6_8,2o,65.14,0.37,34.49
234,9_K,1o,65.12,0.51,34.37
235,2_9,sdifferent,65.11,0.51,34.38
236,6_K,ssame,65.1,0.57,34.33
237,9_K,1o,65.1,0.5,34.4
238,8_T,ssame,65.08,0.55,34.36
239,5_7,1o,65.08,0.5,34.42
240,3_5,1o,65.06,0.56,34.37
241,5_7,1o,65.06,0.51,34.43
242,3_5,1o,65.05,0.59,34.36
243,3_4,ssame,65.03,0.66,34.31
244,T_J,2o,65.03,0.42,34.56
245,9_T,2o,65.02,0.4,34.58
246,4_T,sdifferent,64.99,0.49,34.52
247,6_J,sdifferent,64.98,0.46,34.56
248,5_J,sdifferent,64.95,0.49,34.56
249,5_T,sdifferent,64.95,0.49,34.56
250,7_9,ssame,64.93,0.55,34.52
251,4_6,1o,64.84,0.51,34.65
252,2_8,sdifferent,64.84,0.5,34.67
253,4_6,1o,64.83,0.53,34.64
254,3_8,sdifferent,64.79,0.5,34.71
255,9_K,ssame,64.78,0.59,34.64
256,3_9,sdifferent,64.77,0.5,34.73
257,8_9,2o,64.75,0.39,34.86
258,4_9,sdifferent,64.73,0.5,34.77
259,J_K,2o,64.69,0.44,34.87
260,3_5,ssame,64.66,0.64,34.7
261,6_8,1o,64.65,0.46,34.89
262,6_8,1o,64.63,0.46,34.91
263,5_7,ssame,64.62,0.59,34.79
264,7_8,2o,64.6,0.37,35.03
265,9_T,1o,64.6,0.48,34.91
266,T_J,1o,64.58,0.5,34.92
267,T_J,1o,64.58,0.5,34.93
268,9_T,1o,64.52,0.48,35.0
269,4_6,ssame,64.38,0.6,35.03
270,T_K,2o,64.37,0.43,35.2
271,6_7,2o,64.34,0.38,35.28
272,8_9,1o,64.25,0.47,35.28
273,8_9,1o,64.25,0.47,35.28
274,J_K,1o,64.23,0.52,35.25
275,4_5,2o,64.23,0.48,35.29
276,T_J,ssame,64.22,0.58,35.21
277,7_J,sdifferent,64.19,0.46,35.35
278,6_8,ssame,64.18,0.54,35.27
279,9_T,ssame,64.17,0.56,35.27
280,J_K,1o,64.11,0.52,35.36
281,7_8,1o,64.11,0.46,35.43
282,7_8,1o,64.09,0.46,35.45
283,3_7,sdifferent,64.05,0.5,35.45
284,5_6,2o,64.03,0.42,35.55
285,T_K,1o,63.9,0.51,35.59
286,2_6,sdifferent,63.84,0.51,35.65
287,6_7,1o,63.83,0.46,35.71
288,6_T,sdifferent,63.82,0.45,35.73
289,6_7,1o,63.82,0.46,35.71
290,J_K,ssame,63.8,0.6,35.59
291,T_K,1o,63.79,0.51,35.7
292,8_9,ssame,63.78,0.55,35.67
293,4_5,1o,63.73,0.56,35.71
294,4_5,1o,63.73,0.55,35.71
295,4_8,sdifferent,63.59,0.49,35.92
296,7_8,ssame,63.59,0.54,35.87
297,5_9,sdifferent,63.54,0.49,35.98
298,2_3,sdifferent,63.52,0.59,35.9
299,5_6,1o,63.51,0.51,35.98
300,5_6,1o,63.51,0.5,35.99
301,T_K,ssame,63.47,0.59,35.93
302,6_7,ssame,63.3,0.54,36.16
303,4_5,ssame,63.25,0.63,36.11
304,2_4,sdifferent,63.18,0.57,36.25
305,8_J,sdifferent,63.17,0.46,36.37
306,2_K,sdifferent,63.15,0.54,36.31
307,7_T,sdifferent,63.03,0.45,36.52
308,5_6,ssame,62.98,0.59,36.43
309,2_5,sdifferent,62.85,0.55,36.6
310,4_7,sdifferent,62.85,0.49,36.67
311,3_K,sdifferent,62.82,0.53,36.66
312,3_6,sdifferent,62.64,0.5,36.86
313,4_K,sdifferent,62.49,0.52,37.0
314,8_K,sdifferent,62.41,0.47,37.11
315,6_9,sdifferent,62.4,0.45,37.15
316,5_8,sdifferent,62.39,0.48,37.13
317,9_J,sdifferent,62.36,0.47,37.17
318,7_K,sdifferent,62.25,0.46,37.28
319,5_K,sdifferent,62.16,0.5,37.33
320,8_T,sdifferent,62.01,0.45,37.54
321,3_4,sdifferent,61.97,0.55,37.47
322,7_9,sdifferent,61.91,0.45,37.64
323,6_K,sdifferent,61.9,0.46,37.64
324,5_7,sdifferent,61.65,0.48,37.87
325,3_5,sdifferent,61.64,0.54,37.82
326,9_K,sdifferent,61.6,0.48,37.91
327,4_6,sdifferent,61.43,0.49,38.08
328,6_8,sdifferent,61.26,0.44,38.3
329,T_J,sdifferent,61.2,0.47,38.33
330,9_T,sdifferent,61.2,0.46,38.34
331,8_9,sdifferent,60.89,0.45,38.66
332,7_8,sdifferent,60.77,0.44,38.79
333,J_K,sdifferent,60.74,0.5,38.76
334,6_7,sdifferent,60.52,0.44,39.04
335,T_K,sdifferent,60.45,0.49,39.06
336,4_5,sdifferent,60.44,0.53,39.03
337,5_6,sdifferent,60.24,0.48,39.28
338,2_2,2o,50.09,0.62,49.29
339,2_2,1o,49.7,0.66,49.64
340,3_3,2o,49.44,0.54,50.02
341,3_3,1o,49.04,0.6,50.36
342,4_4,2o,48.85,0.48,50.67
343,4_4,1o,48.45,0.55,51.0
344,5_5,2o,48.33,0.42,51.25
345,7_7,2o,48.11,0.36,51.53
346,6_6,2o,48.03,0.36,51.62
347,5_5,1o,47.92,0.51,51.57
348,7_7,1o,47.7,0.44,51.85
349,6_6,1o,47.6,0.45,51.95
350,8_8,2o,47.41,0.35,52.24
351,9_9,2o,47.3,0.36,52.34
352,8_8,1o,47.01,0.44,52.56
353,9_9,1o,46.9,0.45,52.65
354,J_J,2o,45.86,0.37,53.77
355,T_T,2o,45.84,0.36,53.8
356,J_J,1o,45.5,0.46,54.05
357,T_T,1o,45.48,0.44,54.08
358,Q_Q,2o,33.65,1.24,65.1
359,K_K,2o,31.92,0.39,67.68
360,K_K,1o,31.33,0.47,68.19
361,K_A,2o,28.06,4.41,67.53
362,K_A,1o,26.84,4.51,68.64
363,K_A,sdifferent,26.61,4.23,69.16
364,A_A,2o,11.92,1.24,86.84
365,Q_A,2o,7.16,90.67,2.17
366,Q_A,sdifferent,7.16,85.69,7.16
