,vs_Hand,type,Equity_%,Draws_%,Loses_%
0,2_Q,2o,76.48,2.72,20.8
1,2_Q,1o,76.08,2.79,21.13
2,3_Q,2o,76.01,2.68,21.31
3,3_Q,1o,75.59,2.77,21.64
4,8_Q,2o,75.56,2.55,21.89
5,4_Q,2o,75.54,2.64,21.82
6,7_Q,2o,75.3,2.55,22.16
7,4_Q,1o,75.11,2.75,22.15
8,8_Q,1o,75.11,2.67,22.22
9,5_Q,2o,75.08,2.61,22.31
10,6_Q,2o,75.03,2.55,22.42
11,7_Q,1o,74.84,2.66,22.49
12,5_Q,1o,74.63,2.73,22.64
13,6_Q,1o,74.58,2.66,22.76
14,9_Q,2o,74.03,2.47,23.5
15,J_Q,2o,73.82,2.41,23.78
16,9_Q,1o,73.61,2.59,23.81
17,T_Q,2o,73.52,2.4,24.09
18,J_Q,1o,73.47,2.53,24.0
19,2_K,2o,73.33,5.87,20.8
20,T_Q,1o,73.16,2.52,24.32
21,3_K,2o,72.91,5.77,21.31
22,2_K,1o,72.9,5.96,21.13
23,8_K,2o,72.64,5.47,21.89
24,4_K,2o,72.49,5.69,21.82
25,3_K,1o,72.47,5.89,21.64
26,J_K,2o,72.38,5.33,22.28
27,7_K,2o,72.35,5.49,22.16
28,9_K,2o,72.23,5.39,22.38
29,8_K,1o,72.19,5.59,22.22
30,T_K,2o,72.08,5.32,22.59
31,5_K,2o,72.07,5.62,22.31
32,6_K,2o,72.06,5.52,22.42
33,2_Q,sdifferent,72.05,2.64,25.31
34,J_K,1o,72.05,5.46,22.49
35,4_K,1o,72.04,5.81,22.15
36,7_K,1o,71.89,5.62,22.49
37,9_K,1o,71.83,5.51,22.66
38,T_K,1o,71.75,5.45,22.8
39,5_K,1o,71.61,5.75,22.64
40,3_Q,sdifferent,71.61,2.61,25.78
41,6_K,1o,71.59,5.65,22.76
42,4_Q,sdifferent,71.17,2.59,26.23
43,8_Q,sdifferent,71.16,2.52,26.32
44,7_Q,sdifferent,70.92,2.52,26.56
45,5_Q,sdifferent,70.74,2.57,26.69
46,6_Q,sdifferent,70.69,2.52,26.79
47,2_J,2o,70.62,0.73,28.65
48,2_J,1o,70.37,0.81,28.82
49,2_T,2o,70.3,0.72,28.98
50,3_J,2o,70.25,0.7,29.04
51,2_J,1o,70.24,0.77,28.98
52,2_J,ssame,70.16,0.85,28.99
53,2_T,1o,70.04,0.8,29.15
54,3_J,1o,70.0,0.78,29.22
55,3_T,2o,69.94,0.69,29.37
56,2_T,1o,69.92,0.76,29.32
57,4_J,2o,69.9,0.67,29.43
58,6_J,2o,69.88,0.61,29.5
59,3_J,1o,69.87,0.76,29.37
60,2_T,ssame,69.83,0.84,29.33
61,3_J,ssame,69.78,0.84,29.38
62,9_Q,sdifferent,69.78,2.45,27.77
63,3_T,1o,69.67,0.77,29.56
64,J_Q,sdifferent,69.64,2.41,27.95
65,4_J,1o,69.64,0.75,29.61
66,6_J,1o,69.62,0.69,29.69
67,4_T,2o,69.58,0.66,29.76
68,5_J,2o,69.55,0.65,29.8
69,5_T,2o,69.55,0.65,29.8
70,3_T,1o,69.54,0.75,29.71
71,4_J,1o,69.5,0.75,29.75
72,2_9,2o,69.48,0.71,29.82
73,6_J,1o,69.48,0.7,29.83
74,3_T,ssame,69.45,0.83,29.72
75,2_7,2o,69.41,0.7,29.88
76,4_J,ssame,69.41,0.83,29.76
77,6_J,ssame,69.39,0.78,29.83
78,2_8,2o,69.39,0.7,29.91
79,T_Q,sdifferent,69.36,2.4,28.23
80,3_8,2o,69.34,0.68,29.97
81,4_T,1o,69.31,0.74,29.94
82,5_T,1o,69.28,0.74,29.99
83,5_J,1o,69.28,0.73,29.99
84,4_T,1o,69.18,0.74,30.09
85,5_J,1o,69.13,0.74,30.13
86,5_T,1o,69.13,0.74,30.13
87,2_9,1o,69.13,0.79,30.08
88,3_9,2o,69.11,0.68,30.21
89,2_K,sdifferent,69.09,5.6,25.31
90,2_9,1o,69.08,0.75,30.17
91,4_T,ssame,69.08,0.82,30.1
92,4_9,2o,69.07,0.66,30.26
93,5_T,ssame,69.04,0.82,30.14
94,5_J,ssame,69.04,0.82,30.14
95,2_7,1o,69.02,0.74,30.23
96,2_8,1o,69.0,0.74,30.26
97,2_7,1o,69.0,0.79,30.2
98,2_8,1o,68.98,0.79,30.23
99,3_8,1o,68.95,0.74,30.31
100,3_8,1o,68.94,0.77,30.29
101,7_J,2o,68.93,0.62,30.45
102,2_9,ssame,68.91,0.83,30.25
103,2_7,ssame,68.8,0.83,30.36
104,2_8,ssame,68.78,0.83,30.39
105,3_9,1o,68.76,0.76,30.48
106,3_8,ssame,68.73,0.83,30.44
107,4_9,1o,68.72,0.75,30.54
108,3_9,1o,68.71,0.74,30.55
109,3_K,sdifferent,68.69,5.53,25.78
110,4_9,1o,68.66,0.74,30.6
111,7_J,1o,68.66,0.7,30.64
112,6_T,2o,68.62,0.6,30.78
113,3_9,ssame,68.53,0.82,30.65
114,7_J,1o,68.51,0.71,30.78
115,4_9,ssame,68.49,0.82,30.69
116,8_K,sdifferent,68.42,5.26,26.32
117,7_J,ssame,68.36,0.79,30.86
118,6_T,1o,68.34,0.68,30.98
119,4_K,sdifferent,68.3,5.46,26.23
120,J_K,sdifferent,68.28,5.15,26.57
121,6_T,1o,68.19,0.69,31.12
122,2_6,2o,68.18,0.7,31.12
123,7_K,sdifferent,68.16,5.28,26.56
124,3_7,2o,68.1,0.68,31.22
125,9_K,sdifferent,68.08,5.19,26.72
126,8_J,2o,68.05,0.63,31.32
127,4_8,2o,68.04,0.66,31.3
128,6_T,ssame,68.03,0.77,31.2
129,T_K,sdifferent,68.01,5.14,26.85
130,5_K,sdifferent,67.91,5.4,26.69
131,6_K,sdifferent,67.89,5.31,26.79
132,5_9,2o,67.77,0.64,31.58
133,2_6,1o,67.77,0.73,31.5
134,8_J,1o,67.76,0.71,31.53
135,2_6,1o,67.75,0.79,31.46
136,3_7,1o,67.68,0.73,31.58
137,2_3,2o,67.68,0.78,31.54
138,3_7,1o,67.67,0.76,31.56
139,7_T,2o,67.67,0.61,31.72
140,4_8,1o,67.61,0.75,31.64
141,4_8,1o,67.61,0.73,31.65
142,8_J,1o,67.61,0.72,31.68
143,2_6,ssame,67.48,0.82,31.7
144,8_J,ssame,67.43,0.8,31.77
145,5_9,1o,67.4,0.73,31.87
146,3_7,ssame,67.39,0.82,31.78
147,7_T,1o,67.37,0.69,31.94
148,5_9,1o,67.34,0.73,31.94
149,4_8,ssame,67.32,0.82,31.86
150,2_4,2o,67.31,0.76,31.93
151,2_3,1o,67.25,0.85,31.9
152,2_3,1o,67.25,0.82,31.92
153,7_T,1o,67.23,0.7,32.08
154,5_9,ssame,67.09,0.81,32.1
155,9_J,2o,67.09,0.64,32.27
156,7_T,ssame,67.0,0.78,32.23
157,2_5,2o,66.96,0.74,32.31
158,2_3,ssame,66.92,0.88,32.2
159,2_4,1o,66.89,0.8,32.32
160,2_4,1o,66.88,0.83,32.29
161,3_6,2o,66.87,0.67,32.46
162,6_9,2o,66.85,0.59,32.56
163,4_7,2o,66.8,0.65,32.55
164,8_T,2o,66.78,0.62,32.59
165,9_J,1o,66.75,0.72,32.53
166,5_8,2o,66.74,0.64,32.62
167,9_J,1o,66.67,0.72,32.61
168,2_4,ssame,66.54,0.87,32.59
169,2_5,1o,66.52,0.78,32.7
170,2_5,1o,66.51,0.82,32.67
171,8_T,1o,66.47,0.71,32.82
172,6_9,1o,66.46,0.68,32.87
173,9_J,ssame,66.43,0.8,32.77
174,3_6,1o,66.43,0.73,32.85
175,3_6,1o,66.42,0.76,32.83
176,2_J,sdifferent,66.41,0.73,32.86
177,6_9,1o,66.4,0.68,32.93
178,4_7,1o,66.35,0.74,32.91
179,4_7,1o,66.35,0.73,32.92
180,8_T,1o,66.32,0.71,32.97
181,5_8,1o,66.29,0.73,32.98
182,5_8,1o,66.29,0.73,32.98
183,7_9,2o,66.23,0.6,33.17
184,2_5,ssame,66.16,0.86,32.98
185,2_T,sdifferent,66.12,0.72,33.16
186,7_8,2o,66.11,0.6,33.29
187,6_9,ssame,66.08,0.76,33.16
188,3_J,sdifferent,66.08,0.72,33.2
189,3_6,ssame,66.07,0.81,33.12
190,8_T,ssame,66.07,0.79,33.14
191,T_J,2o,66.04,0.65,33.31
192,3_4,2o,66.0,0.73,33.27
193,4_7,ssame,65.99,0.81,33.2
194,5_8,ssame,65.93,0.81,33.26
195,6_8,2o,65.82,0.59,33.59
196,9_T,2o,65.82,0.63,33.55
197,7_9,1o,65.82,0.69,33.49
198,3_T,sdifferent,65.79,0.71,33.5
199,7_9,1o,65.76,0.69,33.55
200,4_J,sdifferent,65.75,0.71,33.54
201,6_J,sdifferent,65.73,0.66,33.61
202,T_J,1o,65.66,0.73,33.61
203,T_J,1o,65.66,0.73,33.61
204,3_5,2o,65.65,0.71,33.65
205,7_8,1o,65.65,0.69,33.67
206,7_8,1o,65.65,0.69,33.66
207,8_9,2o,65.63,0.61,33.75
208,4_6,2o,65.56,0.65,33.79
209,3_4,1o,65.55,0.79,33.66
210,3_4,1o,65.55,0.8,33.65
211,5_7,2o,65.5,0.64,33.86
212,4_T,sdifferent,65.46,0.7,33.84
213,9_T,1o,65.46,0.71,33.82
214,5_T,sdifferent,65.42,0.7,33.88
215,5_J,sdifferent,65.42,0.7,33.88
216,7_9,ssame,65.39,0.77,33.84
217,9_T,1o,65.38,0.71,33.91
218,6_8,1o,65.35,0.68,33.98
219,T_J,ssame,65.35,0.8,33.85
220,6_8,1o,65.35,0.68,33.97
221,2_9,sdifferent,65.31,0.71,33.98
222,8_9,1o,65.22,0.7,34.08
223,2_7,sdifferent,65.22,0.71,34.08
224,7_8,ssame,65.22,0.77,34.01
225,3_5,1o,65.19,0.77,34.05
226,2_8,sdifferent,65.19,0.71,34.1
227,3_5,1o,65.18,0.79,34.03
228,3_8,sdifferent,65.15,0.71,34.15
229,8_9,1o,65.15,0.7,34.15
230,3_4,ssame,65.13,0.86,34.01
231,4_6,1o,65.1,0.72,34.19
232,4_6,1o,65.09,0.73,34.18
233,9_T,ssame,65.07,0.79,34.14
234,5_7,1o,65.03,0.72,34.26
235,5_7,1o,65.03,0.72,34.25
236,3_9,sdifferent,64.98,0.7,34.32
237,4_9,sdifferent,64.94,0.7,34.37
238,6_8,ssame,64.92,0.76,34.32
239,7_J,sdifferent,64.85,0.67,34.48
240,8_9,ssame,64.77,0.78,34.45
241,3_5,ssame,64.75,0.85,34.4
242,4_6,ssame,64.66,0.8,34.53
243,5_7,ssame,64.59,0.8,34.61
244,6_7,2o,64.58,0.58,34.84
245,6_T,sdifferent,64.57,0.65,34.78
246,4_5,2o,64.34,0.68,34.97
247,5_6,2o,64.27,0.63,35.11
248,6_7,1o,64.09,0.67,35.25
249,6_7,1o,64.09,0.67,35.24
250,2_6,sdifferent,64.08,0.7,35.22
251,8_J,sdifferent,64.04,0.68,35.28
252,3_7,sdifferent,64.01,0.7,35.29
253,4_8,sdifferent,63.94,0.7,35.36
254,4_5,1o,63.85,0.76,35.39
255,4_5,1o,63.85,0.77,35.38
256,5_6,1o,63.77,0.71,35.52
257,5_6,1o,63.77,0.72,35.51
258,5_9,sdifferent,63.74,0.69,35.57
259,7_T,sdifferent,63.69,0.66,35.65
260,2_3,sdifferent,63.63,0.78,35.59
261,6_7,ssame,63.59,0.75,35.67
262,4_5,ssame,63.35,0.84,35.81
263,2_4,sdifferent,63.29,0.76,35.95
264,5_6,ssame,63.27,0.79,35.94
265,9_J,sdifferent,63.14,0.68,36.17
266,2_5,sdifferent,62.96,0.74,36.3
267,6_9,sdifferent,62.89,0.64,36.47
268,3_6,sdifferent,62.87,0.69,36.43
269,8_T,sdifferent,62.87,0.67,36.45
270,4_7,sdifferent,62.81,0.69,36.51
271,5_8,sdifferent,62.75,0.69,36.57
272,7_9,sdifferent,62.31,0.65,37.04
273,T_J,sdifferent,62.19,0.69,37.12
274,7_8,sdifferent,62.16,0.65,37.19
275,3_4,sdifferent,62.09,0.75,37.17
276,9_T,sdifferent,61.98,0.68,37.34
277,6_8,sdifferent,61.89,0.64,37.47
278,3_5,sdifferent,61.76,0.73,37.52
279,8_9,sdifferent,61.76,0.66,37.58
280,4_6,sdifferent,61.67,0.68,37.64
281,5_7,sdifferent,61.61,0.68,37.71
282,6_7,sdifferent,60.76,0.63,38.61
283,4_5,sdifferent,60.55,0.72,38.73
284,5_6,sdifferent,60.48,0.67,38.85
285,8_A,2o,56.21,0.6,43.19
286,9_A,2o,56.06,0.62,43.31
287,6_A,2o,56.05,0.59,43.36
288,7_A,2o,56.05,0.59,43.36
289,2_A,2o,55.66,0.72,43.62
290,8_A,1o,55.56,0.69,43.75
291,3_A,2o,55.5,0.69,43.81
292,9_A,1o,55.48,0.71,43.81
293,6_A,1o,55.4,0.68,43.92
294,7_A,1o,55.4,0.68,43.92
295,4_A,2o,55.34,0.66,44.0
296,5_A,2o,55.18,0.64,44.18
297,2_A,1o,55.01,0.76,44.23
298,8_A,1o,54.98,0.68,44.34
299,3_A,1o,54.85,0.75,44.41
300,9_A,1o,54.83,0.7,44.46
301,7_A,1o,54.81,0.67,44.51
302,6_A,1o,54.81,0.67,44.51
303,4_A,1o,54.68,0.74,44.59
304,5_A,1o,54.51,0.72,44.76
305,T_A,2o,54.47,0.63,44.9
306,2_A,1o,54.43,0.8,44.77
307,3_A,1o,54.26,0.77,44.97
308,4_A,1o,54.1,0.74,45.16
309,5_A,1o,53.93,0.72,45.35
310,T_A,1o,53.92,0.71,45.37
311,T_A,1o,53.17,0.71,46.12
312,8_A,sdifferent,52.76,0.66,46.58
313,9_A,sdifferent,52.69,0.67,46.64
314,6_A,sdifferent,52.62,0.65,46.74
315,7_A,sdifferent,52.62,0.65,46.74
316,2_A,sdifferent,52.26,0.72,47.02
317,3_A,sdifferent,52.11,0.71,47.18
318,4_A,sdifferent,51.97,0.7,47.34
319,5_A,sdifferent,51.82,0.69,47.5
320,T_A,sdifferent,51.21,0.68,48.11
321,8_A,ssame,51.13,0.77,48.1
322,2_2,2o,50.99,0.89,48.11
323,9_A,ssame,50.98,0.79,48.23
324,7_A,ssame,50.96,0.76,48.28
325,6_A,ssame,50.96,0.76,48.28
326,2_2,1o,50.61,0.93,48.45
327,2_A,ssame,50.57,0.84,48.59
328,3_A,ssame,50.4,0.83,48.77
329,3_3,2o,50.4,0.75,48.84
330,4_A,ssame,50.23,0.82,48.95
331,5_A,ssame,50.06,0.81,49.13
332,3_3,1o,50.02,0.82,49.17
333,4_4,2o,49.87,0.63,49.5
334,4_4,1o,49.48,0.71,49.81
335,5_5,2o,49.39,0.53,50.08
336,T_A,ssame,49.32,0.79,49.89
337,6_6,2o,49.05,0.42,50.53
338,5_5,1o,49.0,0.62,50.38
339,7_7,2o,48.84,0.4,50.76
340,8_8,2o,48.69,0.39,50.92
341,6_6,1o,48.66,0.51,50.83
342,7_7,1o,48.46,0.49,51.06
343,8_8,1o,48.31,0.48,51.21
344,9_9,2o,47.42,0.37,52.21
345,9_9,1o,47.05,0.46,52.49
346,J_J,2o,46.27,0.38,53.34
347,T_T,2o,46.26,0.37,53.37
348,J_J,1o,45.96,0.46,53.57
349,T_T,1o,45.94,0.45,53.61
350,J_A,2o,43.94,11.33,44.73
351,J_A,1o,43.3,11.5,45.2
352,J_A,1o,42.56,11.5,45.94
353,J_A,sdifferent,41.48,10.56,47.95
354,J_A,ssame,38.62,11.67,49.71
355,Q_Q,2o,34.76,1.17,64.08
356,Q_A,2o,29.58,1.1,69.33
357,K_A,2o,29.55,1.12,69.33
358,Q_A,sdifferent,28.01,1.14,70.85
359,K_A,sdifferent,27.99,1.16,70.85
360,Q_A,1o,27.91,1.2,70.89
361,K_A,1o,27.89,1.22,70.89
362,A_A,2o,17.5,0.38,82.13
363,A_A,1o,16.21,0.46,83.33
364,K_K,2o,13.27,1.19,85.54
365,Q_K,sdifferent,7.16,85.69,7.16
366,Q_K,2o,7.16,90.67,2.17
