,vs_Hand,type,Equity_%,Draws_%,Loses_%
0,2_T,2o,75.77,3.51,20.72
1,2_T,1o,75.35,3.6,21.05
2,3_T,2o,75.3,3.46,21.24
3,3_T,1o,74.86,3.57,21.56
4,4_T,2o,74.83,3.43,21.74
5,5_T,2o,74.73,3.41,21.86
6,4_T,1o,74.38,3.55,22.06
7,5_T,1o,74.27,3.54,22.18
8,6_T,2o,73.59,3.25,23.16
9,T_Q,2o,73.4,2.78,23.82
10,6_T,1o,73.12,3.4,23.48
11,T_Q,1o,73.04,2.91,24.05
12,8_T,2o,72.68,3.14,24.17
13,7_T,2o,72.42,3.14,24.44
14,8_T,1o,72.19,3.31,24.5
15,T_J,2o,71.95,2.67,25.37
16,7_T,1o,71.92,3.31,24.78
17,T_J,1o,71.58,2.82,25.6
18,2_T,sdifferent,71.4,3.36,25.24
19,9_T,2o,71.15,3.06,25.79
20,3_T,sdifferent,70.96,3.34,25.7
21,9_T,1o,70.68,3.23,26.09
22,4_T,sdifferent,70.52,3.32,26.16
23,5_T,sdifferent,70.41,3.31,26.27
24,2_9,2o,70.0,0.69,29.31
25,2_9,1o,69.7,0.78,29.53
26,3_9,2o,69.64,0.66,29.7
27,2_9,1o,69.62,0.73,29.65
28,2_7,2o,69.61,0.69,29.7
29,4_9,2o,69.6,0.65,29.75
30,2_8,2o,69.59,0.69,29.73
31,3_8,2o,69.54,0.67,29.79
32,2_9,ssame,69.49,0.82,29.69
33,6_T,sdifferent,69.35,3.18,27.47
34,3_9,1o,69.33,0.74,29.93
35,4_9,1o,69.29,0.73,29.98
36,3_9,1o,69.24,0.72,30.03
37,2_7,1o,69.24,0.78,29.98
38,T_Q,sdifferent,69.24,2.75,28.0
39,2_7,1o,69.22,0.73,30.05
40,2_8,1o,69.22,0.77,30.01
41,2_8,1o,69.2,0.73,30.07
42,4_9,1o,69.2,0.72,30.08
43,3_8,1o,69.17,0.75,30.07
44,3_8,1o,69.15,0.73,30.12
45,3_9,ssame,69.11,0.8,30.08
46,4_9,ssame,69.07,0.8,30.13
47,2_K,2o,69.07,10.21,20.72
48,2_7,ssame,69.04,0.81,30.14
49,2_8,ssame,69.02,0.81,30.17
50,3_8,ssame,68.97,0.81,30.22
51,8_K,2o,68.67,9.72,21.6
52,3_K,2o,68.66,10.1,21.24
53,2_K,1o,68.59,10.36,21.05
54,2_6,2o,68.54,0.69,30.76
55,8_T,sdifferent,68.49,3.1,28.41
56,9_K,2o,68.4,9.88,21.73
57,7_K,2o,68.37,9.76,21.87
58,5_9,2o,68.32,0.64,31.04
59,3_7,2o,68.3,0.66,31.04
60,4_K,2o,68.26,10.0,21.74
61,7_T,sdifferent,68.25,3.09,28.65
62,4_8,2o,68.24,0.65,31.12
63,5_K,2o,68.21,9.93,21.86
64,8_K,1o,68.21,9.89,21.9
65,3_K,1o,68.18,10.26,21.56
66,6_K,2o,68.16,9.81,22.03
67,2_6,1o,68.14,0.73,31.13
68,2_6,1o,68.14,0.78,31.08
69,2_Q,2o,68.03,0.72,31.25
70,9_K,1o,67.99,10.04,21.96
71,5_9,1o,67.99,0.72,31.29
72,2_J,2o,67.94,0.71,31.34
73,3_7,1o,67.91,0.75,31.34
74,T_J,sdifferent,67.91,2.67,29.42
75,7_K,1o,67.9,9.93,22.17
76,5_9,1o,67.89,0.72,31.39
77,3_7,1o,67.89,0.72,31.39
78,2_6,ssame,67.88,0.81,31.31
79,4_8,1o,67.85,0.73,31.42
80,2_3,2o,67.85,0.76,31.38
81,4_8,1o,67.82,0.72,31.46
82,4_K,1o,67.76,10.17,22.06
83,5_K,1o,67.71,10.1,22.18
84,5_9,ssame,67.69,0.8,31.51
85,7_Q,2o,67.69,0.61,31.7
86,6_K,1o,67.67,9.99,22.34
87,3_Q,2o,67.66,0.69,31.65
88,3_7,ssame,67.63,0.8,31.56
89,2_Q,1o,67.63,0.8,31.57
90,2_Q,1o,67.59,0.76,31.64
91,3_J,2o,67.58,0.68,31.74
92,4_8,ssame,67.56,0.8,31.63
93,2_J,1o,67.56,0.8,31.65
94,2_J,1o,67.5,0.75,31.74
95,2_4,2o,67.49,0.74,31.77
96,2_5,2o,67.45,0.73,31.82
97,2_3,1o,67.44,0.8,31.76
98,2_3,1o,67.43,0.82,31.74
99,6_J,2o,67.39,0.6,32.0
100,2_Q,ssame,67.37,0.84,31.79
101,4_Q,2o,67.31,0.66,32.03
102,2_J,ssame,67.29,0.84,31.87
103,7_Q,1o,67.28,0.69,32.02
104,5_Q,2o,67.27,0.66,32.07
105,7_Q,1o,67.26,0.7,32.04
106,3_Q,1o,67.26,0.77,31.97
107,6_9,2o,67.26,0.59,32.15
108,3_6,2o,67.23,0.66,32.1
109,3_Q,1o,67.22,0.75,32.03
110,4_J,2o,67.22,0.65,32.12
111,6_Q,2o,67.2,0.6,32.2
112,5_J,2o,67.19,0.65,32.17
113,3_J,1o,67.19,0.76,32.05
114,3_J,1o,67.13,0.74,32.13
115,2_3,ssame,67.11,0.86,32.03
116,9_T,sdifferent,67.11,3.03,29.86
117,2_4,1o,67.07,0.78,32.15
118,2_4,1o,67.06,0.81,32.13
119,7_Q,ssame,67.04,0.78,32.19
120,2_5,1o,67.03,0.77,32.2
121,2_5,1o,67.02,0.81,32.17
122,5_8,2o,67.01,0.64,32.36
123,6_J,1o,67.0,0.68,32.31
124,3_Q,ssame,66.99,0.83,32.18
125,4_7,2o,66.99,0.64,32.37
126,6_J,1o,66.95,0.69,32.36
127,3_J,ssame,66.91,0.82,32.26
128,4_Q,1o,66.9,0.74,32.36
129,6_9,1o,66.9,0.67,32.42
130,5_Q,1o,66.86,0.74,32.4
131,4_Q,1o,66.85,0.74,32.41
132,4_J,1o,66.83,0.74,32.44
133,6_9,1o,66.82,0.67,32.51
134,3_6,1o,66.81,0.75,32.44
135,5_Q,1o,66.81,0.74,32.45
136,3_6,1o,66.8,0.72,32.48
137,8_Q,2o,66.8,0.63,32.57
138,5_J,1o,66.79,0.73,32.48
139,6_Q,1o,66.79,0.68,32.53
140,4_J,1o,66.76,0.73,32.51
141,6_Q,1o,66.75,0.69,32.56
142,6_J,ssame,66.73,0.77,32.5
143,2_4,ssame,66.73,0.85,32.42
144,5_J,1o,66.72,0.73,32.55
145,2_5,ssame,66.68,0.85,32.47
146,4_Q,ssame,66.61,0.82,32.56
147,5_8,1o,66.6,0.72,32.68
148,6_9,ssame,66.59,0.75,32.66
149,5_Q,ssame,66.58,0.82,32.6
150,4_7,1o,66.58,0.72,32.69
151,5_8,1o,66.56,0.72,32.72
152,4_7,1o,66.55,0.71,32.74
153,4_J,ssame,66.54,0.81,32.65
154,6_Q,ssame,66.51,0.77,32.72
155,7_J,2o,66.5,0.61,32.89
156,5_J,ssame,66.5,0.81,32.69
157,3_6,ssame,66.47,0.8,32.73
158,8_Q,1o,66.38,0.71,32.91
159,8_Q,1o,66.36,0.71,32.93
160,5_8,ssame,66.24,0.8,32.96
161,4_7,ssame,66.23,0.79,32.98
162,7_9,2o,66.19,0.59,33.22
163,3_4,2o,66.18,0.71,33.11
164,3_5,2o,66.14,0.7,33.16
165,8_Q,ssame,66.11,0.79,33.1
166,7_J,1o,66.09,0.69,33.22
167,7_J,1o,66.05,0.69,33.26
168,6_8,2o,65.95,0.59,33.46
169,4_6,2o,65.93,0.64,33.43
170,9_Q,2o,65.88,0.63,33.49
171,2_9,sdifferent,65.82,0.7,33.48
172,7_9,1o,65.81,0.67,33.52
173,7_J,ssame,65.8,0.77,33.43
174,5_7,2o,65.76,0.63,33.6
175,7_9,1o,65.74,0.68,33.58
176,3_4,1o,65.73,0.78,33.49
177,3_4,1o,65.73,0.77,33.5
178,3_5,1o,65.69,0.76,33.55
179,3_5,1o,65.68,0.78,33.53
180,8_J,2o,65.61,0.62,33.77
181,8_9,2o,65.6,0.6,33.8
182,6_8,1o,65.51,0.67,33.81
183,6_8,1o,65.5,0.67,33.83
184,3_9,sdifferent,65.49,0.68,33.83
185,4_6,1o,65.48,0.73,33.79
186,7_9,ssame,65.47,0.75,33.78
187,4_6,1o,65.47,0.71,33.82
188,9_Q,1o,65.46,0.71,33.83
189,4_9,sdifferent,65.45,0.68,33.87
190,2_7,sdifferent,65.42,0.69,33.88
191,9_Q,1o,65.42,0.71,33.87
192,2_8,sdifferent,65.4,0.69,33.91
193,3_8,sdifferent,65.36,0.69,33.95
194,5_7,1o,65.34,0.72,33.95
195,3_4,ssame,65.32,0.84,33.84
196,5_7,1o,65.3,0.71,33.99
197,3_5,ssame,65.27,0.84,33.89
198,8_9,1o,65.2,0.69,34.11
199,8_J,1o,65.19,0.7,34.11
200,9_Q,ssame,65.15,0.79,34.06
201,8_J,1o,65.14,0.7,34.16
202,6_8,ssame,65.14,0.75,34.11
203,8_9,1o,65.13,0.69,34.18
204,4_6,ssame,65.06,0.79,34.14
205,2_K,sdifferent,65.04,9.72,25.24
206,5_6,2o,64.97,0.63,34.39
207,5_7,ssame,64.91,0.79,34.3
208,7_8,2o,64.88,0.59,34.53
209,8_J,ssame,64.88,0.78,34.34
210,8_9,ssame,64.85,0.76,34.39
211,4_5,2o,64.83,0.68,34.49
212,6_7,2o,64.71,0.58,34.71
213,9_J,2o,64.69,0.63,34.68
214,8_K,sdifferent,64.68,9.29,26.03
215,3_K,sdifferent,64.67,9.63,25.7
216,5_6,1o,64.52,0.72,34.77
217,5_6,1o,64.5,0.71,34.79
218,9_K,sdifferent,64.47,9.43,26.09
219,2_6,sdifferent,64.43,0.7,34.87
220,7_8,1o,64.42,0.67,34.91
221,7_8,1o,64.41,0.67,34.91
222,7_K,sdifferent,64.41,9.32,26.27
223,4_5,1o,64.36,0.76,34.88
224,4_5,1o,64.36,0.75,34.89
225,4_K,sdifferent,64.29,9.55,26.16
226,5_9,sdifferent,64.27,0.68,35.05
227,6_7,1o,64.25,0.66,35.08
228,9_J,1o,64.24,0.71,35.05
229,5_K,sdifferent,64.24,9.48,26.27
230,6_7,1o,64.23,0.66,35.11
231,3_7,sdifferent,64.22,0.68,35.1
232,9_J,1o,64.22,0.71,35.07
233,6_K,sdifferent,64.2,9.38,26.42
234,4_8,sdifferent,64.15,0.68,35.17
235,5_6,ssame,64.03,0.79,35.18
236,7_8,ssame,64.02,0.75,35.23
237,9_J,ssame,63.92,0.78,35.3
238,2_Q,sdifferent,63.89,0.72,35.39
239,4_5,ssame,63.87,0.83,35.3
240,2_J,sdifferent,63.83,0.71,35.46
241,6_7,ssame,63.8,0.74,35.46
242,2_3,sdifferent,63.8,0.76,35.44
243,7_Q,sdifferent,63.59,0.66,35.75
244,3_Q,sdifferent,63.56,0.71,35.73
245,3_J,sdifferent,63.49,0.7,35.81
246,2_4,sdifferent,63.46,0.74,35.8
247,2_5,sdifferent,63.42,0.73,35.85
248,6_J,sdifferent,63.32,0.65,36.02
249,6_9,sdifferent,63.28,0.64,36.08
250,3_6,sdifferent,63.23,0.69,36.09
251,4_Q,sdifferent,63.23,0.7,36.07
252,5_Q,sdifferent,63.19,0.7,36.11
253,4_J,sdifferent,63.16,0.69,36.15
254,5_J,sdifferent,63.13,0.69,36.18
255,6_Q,sdifferent,63.13,0.65,36.21
256,5_8,sdifferent,63.02,0.68,36.3
257,4_7,sdifferent,63.01,0.67,36.31
258,8_Q,sdifferent,62.77,0.67,36.55
259,7_J,sdifferent,62.5,0.66,36.84
260,7_9,sdifferent,62.29,0.64,37.07
261,3_4,sdifferent,62.25,0.73,37.02
262,3_5,sdifferent,62.21,0.72,37.07
263,6_8,sdifferent,62.04,0.64,37.32
264,4_6,sdifferent,62.02,0.68,37.3
265,9_Q,sdifferent,61.92,0.68,37.4
266,5_7,sdifferent,61.88,0.67,37.44
267,8_9,sdifferent,61.74,0.65,37.61
268,8_J,sdifferent,61.68,0.67,37.65
269,5_6,sdifferent,61.15,0.68,38.18
270,7_8,sdifferent,61.05,0.64,38.31
271,4_5,sdifferent,61.01,0.71,38.28
272,6_7,sdifferent,60.9,0.63,38.47
273,9_J,sdifferent,60.83,0.67,38.5
274,6_A,2o,54.34,1.71,43.95
275,8_A,2o,54.17,1.75,44.08
276,2_A,2o,54.05,1.83,44.13
277,7_A,2o,54.01,1.74,44.25
278,3_A,2o,53.88,1.79,44.32
279,5_A,2o,53.72,1.76,44.52
280,4_A,2o,53.72,1.77,44.51
281,6_A,1o,53.7,1.81,44.49
282,8_A,1o,53.55,1.85,44.6
283,2_A,1o,53.39,1.87,44.73
284,7_A,1o,53.38,1.84,44.78
285,3_A,1o,53.23,1.86,44.91
286,6_A,1o,53.11,1.8,45.09
287,4_A,1o,53.06,1.85,45.09
288,5_A,1o,53.06,1.85,45.09
289,8_A,1o,52.93,1.85,45.22
290,2_A,1o,52.81,1.92,45.27
291,7_A,1o,52.77,1.83,45.4
292,3_A,1o,52.65,1.88,45.47
293,5_A,1o,52.48,1.85,45.67
294,4_A,1o,52.48,1.86,45.66
295,2_2,2o,51.64,0.87,47.49
296,2_2,1o,51.27,0.91,47.82
297,3_3,2o,51.05,0.73,48.22
298,6_A,sdifferent,51.05,1.68,47.27
299,8_A,sdifferent,50.91,1.72,47.38
300,2_A,sdifferent,50.77,1.74,47.49
301,7_A,sdifferent,50.76,1.71,47.53
302,J_Q,2o,50.74,11.42,37.84
303,3_3,1o,50.68,0.79,48.53
304,3_A,sdifferent,50.62,1.73,47.65
305,4_4,2o,50.51,0.61,48.87
306,4_A,sdifferent,50.47,1.72,47.81
307,5_A,sdifferent,50.47,1.71,47.81
308,4_4,1o,50.14,0.69,49.17
309,5_5,2o,50.12,0.54,49.34
310,J_Q,1o,50.09,11.59,38.33
311,J_Q,1o,50.07,11.59,38.34
312,5_5,1o,49.74,0.62,49.63
313,J_Q,ssame,49.54,11.75,38.71
314,6_6,2o,49.33,0.43,50.24
315,6_A,ssame,49.26,1.9,48.84
316,8_A,ssame,49.1,1.94,48.96
317,6_6,1o,48.96,0.52,50.52
318,2_A,ssame,48.95,1.97,49.08
319,7_A,ssame,48.93,1.93,49.14
320,3_A,ssame,48.78,1.95,49.26
321,7_7,2o,48.64,0.39,50.97
322,4_A,ssame,48.62,1.94,49.44
323,5_A,ssame,48.62,1.94,49.44
324,8_8,2o,48.49,0.38,51.13
325,7_7,1o,48.28,0.48,51.24
326,8_8,1o,48.13,0.47,51.4
327,J_Q,sdifferent,47.8,10.64,41.57
328,9_9,2o,47.25,0.36,52.39
329,9_9,1o,46.92,0.45,52.63
330,9_A,2o,45.59,10.08,44.33
331,9_A,1o,44.96,10.24,44.8
332,9_A,1o,44.28,10.24,45.48
333,9_A,sdifferent,43.04,9.4,47.56
334,Q_A,2o,41.46,0.43,58.11
335,J_A,2o,41.12,0.42,58.46
336,Q_A,1o,40.67,0.51,58.82
337,9_A,ssame,40.38,10.4,49.22
338,J_A,1o,40.34,0.5,59.16
339,Q_A,1o,40.03,0.51,59.46
340,J_A,1o,39.68,0.5,59.82
341,Q_A,sdifferent,39.06,0.49,60.45
342,J_A,sdifferent,38.76,0.48,60.76
343,Q_A,ssame,35.93,0.59,63.47
344,J_A,ssame,35.59,0.58,63.82
345,T_T,2o,34.86,2.0,63.14
346,Q_Q,2o,32.5,0.37,67.12
347,J_J,2o,32.34,0.36,67.3
348,Q_Q,1o,31.98,0.45,67.57
349,J_J,1o,31.82,0.45,67.73
350,K_A,2o,30.15,1.1,68.75
351,T_A,2o,29.49,1.88,68.62
352,K_A,sdifferent,28.53,1.14,70.32
353,K_A,1o,28.5,1.2,70.3
354,Q_K,2o,28.25,5.32,66.43
355,T_A,sdifferent,27.94,1.87,70.19
356,J_K,2o,27.86,7.45,64.68
357,T_A,1o,27.84,2.0,70.16
358,Q_K,1o,27.12,5.45,67.43
359,Q_K,sdifferent,26.85,5.14,68.01
360,J_K,1o,26.75,7.6,65.65
361,J_K,sdifferent,26.51,7.16,66.32
362,A_A,2o,18.3,0.35,81.34
363,A_A,1o,17.05,0.44,82.52
364,K_K,2o,14.08,1.17,84.75
365,T_K,sdifferent,7.16,85.69,7.16
366,T_K,2o,7.16,90.67,2.17
