,vs_Hand,type,Equity_%,Draws_%,Loses_%
0,2_Q,2osame,74.13,2.98,22.9
1,2_J,2osame,73.74,2.96,23.29
2,2_Q,2odifferent,73.52,2.85,23.63
3,2_Q,1o,73.51,2.92,23.57
4,2_T,2osame,73.36,2.95,23.69
5,2_7,2osame,73.18,2.5,24.32
6,2_8,2osame,73.15,2.95,23.9
7,2_J,2odifferent,73.14,2.84,24.02
8,2_J,1o,73.13,2.9,23.97
9,2_9,2osame,73.08,2.95,23.97
10,2_T,2odifferent,72.77,2.83,24.4
11,2_T,1o,72.76,2.89,24.35
12,2_7,2odifferent,72.6,2.39,25.01
13,2_7,1o,72.58,2.45,24.98
14,2_8,2odifferent,72.57,2.82,24.61
15,2_8,1o,72.55,2.89,24.56
16,2_9,2odifferent,72.5,2.83,24.67
17,2_9,1o,72.48,2.89,24.63
18,2_6,2osame,72.03,2.4,25.56
19,2_6,2odifferent,71.49,2.29,26.22
20,2_6,1o,71.45,2.35,26.2
21,2_3,2osame,71.37,2.82,25.81
22,2_4,2osame,70.92,2.79,26.29
23,2_3,2odifferent,70.85,2.7,26.45
24,2_3,1o,70.79,2.76,26.45
25,2_5,2osame,70.47,2.77,26.76
26,2_4,2odifferent,70.41,2.67,26.92
27,2_4,1o,70.35,2.73,26.92
28,2_5,2odifferent,69.98,2.65,27.37
29,2_5,1o,69.91,2.71,27.38
30,2_Q,2s,69.12,2.76,28.11
31,2_J,2s,68.78,2.75,28.47
32,2_T,2s,68.44,2.74,28.82
33,2_7,2s,68.25,2.34,29.41
34,2_8,2s,68.22,2.74,29.04
35,2_9,2s,68.17,2.74,29.09
36,2_6,2s,67.22,2.26,30.52
37,2_3,2s,66.63,2.65,30.72
38,2_4,2s,66.22,2.63,31.16
39,2_5,2s,65.81,2.61,31.58
40,3_Q,2osame,59.7,0.85,39.44
41,3_Q,2osame,59.7,0.88,39.42
42,3_Q,2odifferent,59.56,0.76,39.67
43,3_J,2osame,59.36,0.87,39.78
44,3_J,2osame,59.36,0.84,39.8
45,3_Q,1o,59.32,0.8,39.88
46,3_Q,1o,59.31,0.8,39.89
47,4_Q,2osame,59.3,0.85,39.84
48,4_Q,2osame,59.3,0.84,39.86
49,3_8,2osame,59.29,0.84,39.87
50,3_8,2osame,59.29,0.86,39.85
51,3_J,2odifferent,59.23,0.75,40.02
52,3_8,2odifferent,59.17,0.75,40.09
53,4_Q,2odifferent,59.17,0.74,40.09
54,3_T,2osame,59.02,0.85,40.13
55,3_T,2osame,59.02,0.83,40.15
56,3_J,1o,58.98,0.79,40.24
57,3_J,1o,58.98,0.79,40.23
58,4_J,2osame,58.96,0.83,40.22
59,4_J,2osame,58.96,0.84,40.2
60,4_Q,1o,58.92,0.77,40.3
61,4_Q,1o,58.92,0.77,40.31
62,3_8,1o,58.91,0.78,40.3
63,3_8,1o,58.91,0.78,40.31
64,3_T,2odifferent,58.9,0.74,40.36
65,4_J,2odifferent,58.84,0.72,40.44
66,3_9,2osame,58.83,0.82,40.35
67,3_9,2osame,58.82,0.85,40.33
68,4_9,2osame,58.77,0.84,40.39
69,4_9,2osame,58.77,0.82,40.4
70,3_9,2odifferent,58.71,0.73,40.55
71,4_9,2odifferent,58.66,0.72,40.62
72,3_T,1o,58.65,0.77,40.58
73,3_T,1o,58.64,0.77,40.58
74,4_T,2osame,58.62,0.83,40.56
75,4_T,2osame,58.62,0.81,40.57
76,4_J,1o,58.59,0.76,40.66
77,4_J,1o,58.58,0.76,40.66
78,5_T,2osame,58.58,0.82,40.61
79,5_J,2osame,58.57,0.82,40.62
80,5_T,2osame,58.57,0.81,40.61
81,5_J,2osame,58.56,0.81,40.63
82,4_T,2odifferent,58.51,0.71,40.78
83,5_T,2odifferent,58.47,0.7,40.83
84,3_9,1o,58.46,0.77,40.77
85,5_J,2odifferent,58.46,0.7,40.84
86,3_9,1o,58.45,0.77,40.78
87,4_9,1o,58.41,0.76,40.84
88,4_9,1o,58.4,0.76,40.84
89,4_T,1o,58.25,0.75,41.0
90,4_T,1o,58.25,0.74,41.01
91,5_T,1o,58.21,0.74,41.05
92,5_T,1o,58.21,0.74,41.06
93,5_J,1o,58.2,0.74,41.07
94,5_J,1o,58.19,0.74,41.07
95,5_Q,2osame,58.0,1.73,40.27
96,5_Q,2osame,58.0,1.74,40.26
97,4_8,2osame,57.93,0.84,41.23
98,4_8,2osame,57.93,0.82,41.24
99,5_Q,2odifferent,57.9,1.61,40.5
100,4_8,2odifferent,57.84,0.72,41.43
101,6_J,2osame,57.71,1.64,40.65
102,6_J,2osame,57.7,1.64,40.65
103,5_Q,1o,57.63,1.65,40.71
104,5_Q,1o,57.63,1.65,40.72
105,6_J,2odifferent,57.61,1.52,40.87
106,3_7,2osame,57.61,0.84,41.55
107,3_7,2osame,57.6,0.86,41.54
108,4_8,1o,57.57,0.76,41.67
109,4_8,1o,57.57,0.76,41.67
110,3_7,2odifferent,57.53,0.75,41.72
111,5_9,2osame,57.42,0.81,41.77
112,5_9,2osame,57.42,0.82,41.76
113,5_9,2odifferent,57.35,0.7,41.95
114,6_J,1o,57.34,1.56,41.1
115,6_J,1o,57.34,1.56,41.1
116,6_T,2osame,57.28,0.77,41.95
117,6_T,2osame,57.27,0.77,41.96
118,3_7,1o,57.25,0.78,41.96
119,3_7,1o,57.25,0.78,41.97
120,6_T,2odifferent,57.2,0.66,42.14
121,3_6,2osame,57.2,0.87,41.93
122,3_6,2osame,57.2,0.85,41.95
123,3_6,2odifferent,57.14,0.76,42.1
124,5_9,1o,57.07,0.74,42.19
125,5_9,1o,57.07,0.74,42.2
126,6_T,1o,56.92,0.69,42.38
127,6_T,1o,56.92,0.69,42.39
128,3_6,1o,56.86,0.79,42.35
129,3_6,1o,56.86,0.79,42.35
130,3_4,2osame,56.65,0.91,42.44
131,3_4,2osame,56.64,0.92,42.43
132,3_4,2odifferent,56.61,0.82,42.57
133,5_8,2osame,56.58,0.82,42.6
134,5_8,2osame,56.58,0.81,42.61
135,5_8,2odifferent,56.53,0.7,42.77
136,3_Q,1s,56.36,0.82,42.83
137,3_4,1o,56.31,0.86,42.83
138,3_4,1o,56.31,0.86,42.83
139,3_5,2osame,56.25,0.89,42.86
140,4_7,2osame,56.25,0.83,42.93
141,3_5,2osame,56.24,0.91,42.85
142,4_7,2osame,56.24,0.84,42.92
143,5_8,1o,56.24,0.74,43.02
144,5_8,1o,56.24,0.74,43.03
145,3_5,2odifferent,56.22,0.8,42.98
146,4_7,2odifferent,56.21,0.72,43.07
147,6_Q,2osame,56.2,2.29,41.52
148,6_Q,2osame,56.19,2.29,41.53
149,6_9,2osame,56.12,0.77,43.11
150,6_9,2osame,56.12,0.77,43.11
151,6_Q,2odifferent,56.12,2.15,41.73
152,6_9,2odifferent,56.08,0.66,43.26
153,3_J,1s,56.04,0.81,43.15
154,4_Q,1s,55.99,0.8,43.21
155,3_8,1s,55.96,0.8,43.24
156,3_5,1o,55.92,0.83,43.25
157,3_5,1o,55.92,0.83,43.25
158,4_7,1o,55.91,0.76,43.33
159,4_7,1o,55.91,0.76,43.33
160,6_Q,1o,55.84,2.2,41.97
161,4_6,2osame,55.84,0.85,43.31
162,4_6,2osame,55.84,0.83,43.32
163,6_Q,1o,55.84,2.2,41.96
164,4_6,2odifferent,55.82,0.73,43.45
165,6_9,1o,55.79,0.69,43.52
166,6_9,1o,55.79,0.69,43.52
167,3_T,1s,55.74,0.8,43.47
168,4_J,1s,55.67,0.79,43.53
169,3_Q,2s,55.64,0.78,43.58
170,3_9,1s,55.54,0.79,43.67
171,4_6,1o,55.52,0.77,43.72
172,4_6,1o,55.52,0.77,43.71
173,4_9,1s,55.49,0.79,43.72
174,4_T,1s,55.37,0.78,43.85
175,3_J,2s,55.34,0.77,43.9
176,5_T,1s,55.32,0.78,43.9
177,5_J,1s,55.31,0.78,43.91
178,6_8,2osame,55.28,0.77,43.95
179,6_8,2osame,55.28,0.77,43.95
180,4_Q,2s,55.28,0.77,43.95
181,6_8,2odifferent,55.26,0.66,44.08
182,3_8,2s,55.25,0.76,43.98
183,7_T,2osame,55.07,1.63,43.3
184,7_T,2osame,55.07,1.63,43.3
185,7_T,2odifferent,55.05,1.5,43.45
186,3_T,2s,55.04,0.76,44.21
187,4_J,2s,54.97,0.76,44.27
188,6_8,1o,54.96,0.69,44.35
189,6_8,1o,54.95,0.69,44.35
190,4_5,2odifferent,54.9,0.77,44.33
191,5_7,2osame,54.89,0.81,44.29
192,5_7,2osame,54.89,0.82,44.29
193,4_5,2osame,54.89,0.88,44.23
194,5_7,2odifferent,54.89,0.7,44.4
195,4_5,2osame,54.88,0.89,44.23
196,7_J,2osame,54.86,2.29,42.85
197,7_J,2osame,54.85,2.29,42.86
198,3_9,2s,54.85,0.76,44.4
199,7_J,2odifferent,54.82,2.15,43.03
200,4_9,2s,54.8,0.75,44.45
201,7_9,2odifferent,54.78,0.65,44.57
202,7_9,2osame,54.78,0.77,44.45
203,5_Q,1s,54.78,1.63,43.59
204,7_9,2osame,54.78,0.77,44.45
205,7_T,1o,54.75,1.55,43.71
206,7_T,1o,54.74,1.55,43.71
207,4_8,1s,54.7,0.79,44.51
208,4_T,2s,54.67,0.75,44.58
209,5_T,2s,54.63,0.75,44.62
210,5_J,2s,54.62,0.74,44.64
211,5_7,1o,54.58,0.74,44.68
212,4_5,1o,54.58,0.81,44.61
213,4_5,1o,54.58,0.81,44.61
214,5_7,1o,54.58,0.74,44.68
215,7_J,1o,54.52,2.2,43.28
216,6_J,1s,54.52,1.55,43.94
217,7_J,1o,54.52,2.2,43.28
218,5_6,2odifferent,54.5,0.71,44.78
219,5_6,2osame,54.49,0.83,44.68
220,5_6,2osame,54.49,0.82,44.69
221,7_9,1o,54.47,0.69,44.85
222,7_9,1o,54.46,0.69,44.85
223,3_7,1s,54.41,0.8,44.79
224,5_9,1s,54.24,0.78,44.98
225,7_Q,2osame,54.19,2.76,43.05
226,5_6,1o,54.18,0.75,45.07
227,5_6,1o,54.18,0.75,45.07
228,7_Q,2osame,54.18,2.76,43.06
229,7_Q,2odifferent,54.14,2.62,43.24
230,6_T,1s,54.12,0.74,45.14
231,5_Q,2s,54.09,1.59,44.32
232,4_8,2s,54.03,0.75,45.22
233,3_6,1s,54.01,0.81,45.18
234,7_8,2odifferent,53.96,0.65,45.39
235,7_8,2osame,53.94,0.77,45.29
236,7_8,2osame,53.94,0.77,45.29
237,7_Q,1o,53.85,2.67,43.49
238,7_Q,1o,53.84,2.67,43.49
239,6_J,2s,53.81,1.5,44.69
240,3_7,2s,53.73,0.77,45.5
241,7_8,1o,53.64,0.69,45.67
242,7_8,1o,53.63,0.69,45.68
243,6_7,2odifferent,53.58,0.66,45.76
244,5_9,2s,53.58,0.74,45.67
245,6_7,2osame,53.55,0.77,45.68
246,6_7,2osame,53.55,0.77,45.68
247,3_4,1s,53.46,0.87,45.67
248,5_8,1s,53.45,0.78,45.77
249,6_T,2s,53.44,0.7,45.85
250,3_6,2s,53.4,0.77,45.83
251,8_9,2odifferent,53.39,1.5,45.11
252,8_9,2osame,53.37,1.63,45.0
253,8_9,2osame,53.37,1.63,45.0
254,6_7,1o,53.25,0.69,46.05
255,6_7,1o,53.25,0.69,46.05
256,4_7,1s,53.15,0.79,46.05
257,6_Q,1s,53.12,2.14,44.74
258,3_5,1s,53.09,0.85,46.06
259,8_9,1o,53.07,1.55,45.39
260,8_9,1o,53.07,1.55,45.39
261,6_9,1s,53.04,0.74,46.22
262,3_4,2s,52.92,0.83,46.24
263,5_8,2s,52.81,0.74,46.44
264,4_6,1s,52.76,0.8,46.44
265,8_T,2odifferent,52.69,2.12,45.19
266,8_T,2osame,52.67,2.26,45.07
267,8_T,2osame,52.67,2.26,45.07
268,3_5,2s,52.56,0.81,46.63
269,4_7,2s,52.51,0.76,46.74
270,6_Q,2s,52.42,2.09,45.48
271,6_9,2s,52.39,0.7,46.9
272,8_T,1o,52.37,2.17,45.47
273,8_T,1o,52.37,2.17,45.47
274,6_8,1s,52.25,0.74,47.01
275,4_6,2s,52.17,0.76,47.06
276,7_T,1s,52.08,1.54,46.38
277,8_J,2osame,51.98,2.75,45.27
278,8_J,2odifferent,51.98,2.61,45.41
279,8_J,2osame,51.97,2.75,45.28
280,5_7,1s,51.9,0.78,47.31
281,7_J,1s,51.89,2.14,45.97
282,4_5,1s,51.83,0.84,47.33
283,7_9,1s,51.8,0.74,47.46
284,8_J,1o,51.66,2.66,45.68
285,8_J,1o,51.66,2.66,45.68
286,6_8,2s,51.63,0.7,47.67
287,5_6,1s,51.51,0.79,47.7
288,7_T,2s,51.43,1.49,47.08
289,4_5,2s,51.34,0.8,47.86
290,5_7,2s,51.29,0.75,47.96
291,7_Q,1s,51.26,2.58,46.16
292,7_J,2s,51.21,2.09,46.7
293,7_9,2s,51.17,0.7,48.13
294,8_Q,2odifferent,51.16,2.76,46.08
295,8_Q,2osame,51.16,2.91,45.94
296,8_Q,2osame,51.15,2.91,45.94
297,7_8,1s,51.01,0.74,48.25
298,5_6,2s,50.96,0.75,48.29
299,8_Q,1o,50.84,2.81,46.35
300,8_Q,1o,50.84,2.81,46.35
301,6_7,1s,50.66,0.74,48.6
302,7_Q,2s,50.57,2.53,46.9
303,8_9,1s,50.5,1.54,47.97
304,7_8,2s,50.41,0.7,48.89
305,6_7,2s,50.06,0.71,49.23
306,8_9,2s,49.89,1.49,48.62
307,8_T,1s,49.87,2.11,48.02
308,9_T,2odifferent,49.61,2.56,47.83
309,9_T,2osame,49.53,2.7,47.77
310,9_T,2osame,49.52,2.7,47.77
311,8_T,2s,49.25,2.06,48.69
312,9_T,1o,49.25,2.61,48.14
313,9_T,1o,49.25,2.61,48.14
314,8_J,1s,49.22,2.57,48.21
315,9_J,2odifferent,48.81,2.64,48.55
316,9_J,2osame,48.73,2.78,48.48
317,9_J,2osame,48.73,2.78,48.49
318,8_J,2s,48.58,2.52,48.9
319,8_Q,1s,48.47,2.71,48.82
320,9_J,1o,48.45,2.69,48.86
321,9_J,1o,48.45,2.69,48.86
322,9_Q,2odifferent,48.12,2.5,49.38
323,9_Q,2osame,48.05,2.64,49.31
324,9_Q,2osame,48.04,2.64,49.31
325,8_Q,2s,47.81,2.66,49.53
326,9_Q,1o,47.77,2.55,49.68
327,9_Q,1o,47.77,2.55,49.68
328,9_T,1s,46.96,2.52,50.52
329,9_T,2s,46.39,2.47,51.14
330,9_J,1s,46.22,2.6,51.18
331,9_J,2s,45.64,2.54,51.82
332,T_J,2odifferent,45.6,2.32,52.08
333,9_Q,1s,45.59,2.47,51.94
334,T_J,2osame,45.44,2.46,52.1
335,T_J,2osame,45.43,2.46,52.11
336,T_J,1o,45.2,2.37,52.44
337,T_J,1o,45.2,2.37,52.44
338,T_Q,2odifferent,45.1,2.14,52.77
339,9_Q,2s,44.98,2.42,52.6
340,T_Q,2osame,44.95,2.27,52.78
341,T_Q,2osame,44.94,2.27,52.78
342,T_Q,1o,44.7,2.18,53.11
343,T_Q,1o,44.7,2.18,53.11
344,J_Q,2odifferent,44.3,1.74,53.96
345,J_Q,2osame,44.15,1.87,53.99
346,J_Q,2osame,44.14,1.87,53.99
347,J_Q,1o,43.9,1.78,54.32
348,J_Q,1o,43.9,1.78,54.32
349,T_J,1s,43.18,2.3,54.52
350,T_Q,1s,42.73,2.13,55.14
351,T_J,2s,42.65,2.25,55.1
352,T_Q,2s,42.17,2.08,55.75
353,J_Q,1s,41.98,1.75,56.27
354,J_Q,2s,41.43,1.71,56.87
355,8_A,2odifferent,35.83,0.43,63.74
356,9_A,2odifferent,35.81,0.44,63.75
357,6_A,2odifferent,35.75,0.45,63.8
358,8_A,2osame,35.45,0.55,64.0
359,9_A,2osame,35.43,0.56,64.01
360,7_A,2odifferent,35.39,0.43,64.17
361,6_A,2osame,35.36,0.56,64.08
362,8_A,1o,35.33,0.47,64.21
363,8_A,1o,35.32,0.47,64.21
364,9_A,1o,35.3,0.48,64.22
365,9_A,1o,35.3,0.48,64.22
366,6_A,1o,35.24,0.49,64.27
367,6_A,1o,35.24,0.48,64.28
368,7_A,2osame,35.0,0.55,64.46
369,7_A,1o,34.88,0.47,64.65
370,7_A,1o,34.88,0.47,64.65
371,8_A,2osame,34.77,0.55,64.68
372,9_A,2osame,34.75,0.56,64.69
373,6_A,2osame,34.69,0.56,64.75
374,3_A,2odifferent,34.67,0.54,64.79
375,4_A,2odifferent,34.58,0.51,64.9
376,5_A,2odifferent,34.5,0.49,65.01
377,Q_A,2odifferent,34.47,0.48,65.06
378,J_A,2odifferent,34.38,0.46,65.15
379,7_A,2osame,34.32,0.55,65.13
380,T_A,2odifferent,34.3,0.45,65.25
381,3_A,2osame,34.25,0.63,65.11
382,4_A,2osame,34.16,0.62,65.22
383,3_A,1o,34.15,0.58,65.28
384,3_A,1o,34.14,0.58,65.28
385,5_A,2osame,34.07,0.6,65.32
386,4_A,1o,34.06,0.55,65.39
387,4_A,1o,34.06,0.55,65.39
388,Q_A,2osame,34.05,0.59,65.36
389,5_A,1o,33.97,0.53,65.5
390,5_A,1o,33.97,0.53,65.5
391,J_A,2osame,33.96,0.58,65.46
392,Q_A,1o,33.94,0.51,65.55
393,Q_A,1o,33.94,0.51,65.55
394,8_A,1s,33.87,0.53,65.6
395,T_A,2osame,33.87,0.57,65.56
396,9_A,1s,33.86,0.54,65.59
397,J_A,1o,33.85,0.5,65.65
398,J_A,1o,33.85,0.5,65.65
399,6_A,1s,33.8,0.55,65.65
400,T_A,1o,33.77,0.49,65.75
401,T_A,1o,33.77,0.49,65.75
402,3_A,2osame,33.57,0.66,65.77
403,4_A,2osame,33.49,0.63,65.88
404,7_A,1s,33.45,0.53,66.01
405,8_A,2s,33.43,0.5,66.08
406,9_A,2s,33.42,0.51,66.08
407,5_A,2osame,33.4,0.61,65.99
408,Q_A,2osame,33.37,0.59,66.04
409,6_A,2s,33.36,0.51,66.13
410,J_A,2osame,33.28,0.58,66.14
411,T_A,2osame,33.19,0.57,66.24
412,7_A,2s,33.02,0.5,66.48
413,3_A,1s,32.73,0.61,66.67
414,4_A,1s,32.65,0.59,66.76
415,Q_A,1s,32.59,0.57,66.84
416,5_A,1s,32.57,0.58,66.85
417,J_A,1s,32.51,0.56,66.93
418,T_A,1s,32.43,0.55,67.02
419,3_A,2s,32.37,0.57,67.06
420,4_A,2s,32.3,0.56,67.15
421,5_A,2s,32.22,0.55,67.24
422,Q_A,2s,32.18,0.53,67.29
423,J_A,2s,32.1,0.52,67.38
424,T_A,2s,32.03,0.51,67.46
425,2_2,2odifferent,31.7,2.1,66.2
426,3_3,2odifferent,30.63,0.91,68.46
427,3_3,2osame,30.2,1.0,68.8
428,3_3,1o,30.07,0.95,68.98
429,4_4,2odifferent,29.99,0.78,69.23
430,4_4,2osame,29.56,0.88,69.56
431,4_4,1o,29.43,0.82,69.75
432,5_5,2odifferent,29.42,0.67,69.92
433,6_6,2odifferent,29.13,0.54,70.32
434,5_5,2osame,28.98,0.78,70.24
435,5_5,1o,28.86,0.7,70.44
436,6_6,2osame,28.7,0.66,70.65
437,8_8,2odifferent,28.67,0.45,70.89
438,7_7,2odifferent,28.57,0.48,70.95
439,6_6,1o,28.57,0.58,70.85
440,8_8,2osame,28.25,0.56,71.19
441,7_7,2osame,28.13,0.59,71.28
442,8_8,1o,28.12,0.48,71.4
443,7_7,1o,28.01,0.51,71.48
444,9_9,2odifferent,27.89,0.41,71.69
445,9_9,2osame,27.45,0.53,72.01
446,9_9,1o,27.33,0.45,72.22
447,T_T,2odifferent,27.11,0.39,72.5
448,J_J,2odifferent,27.01,0.4,72.59
449,Q_Q,2odifferent,26.98,0.41,72.61
450,T_T,2osame,26.66,0.51,72.83
451,J_J,2osame,26.57,0.52,72.92
452,T_T,1o,26.54,0.43,73.03
453,Q_Q,2osame,26.54,0.53,72.93
454,J_J,1o,26.45,0.44,73.12
455,Q_Q,1o,26.41,0.45,73.13
456,2_A,2odifferent,23.34,1.67,74.99
457,8_K,2odifferent,22.74,21.39,55.87
458,2_A,1o,22.65,1.72,75.62
459,2_A,2osame,22.59,1.77,75.64
460,9_K,2odifferent,22.49,15.23,62.28
461,6_K,2odifferent,22.34,35.98,41.67
462,7_K,2odifferent,22.3,28.09,49.61
463,Q_K,2odifferent,22.28,6.07,71.64
464,J_K,2odifferent,22.24,8.06,69.7
465,K_A,2odifferent,22.22,1.27,76.51
466,T_K,2odifferent,22.2,10.63,67.17
467,3_K,2odifferent,22.07,49.76,28.16
468,8_K,1o,22.05,21.63,56.32
469,4_K,2odifferent,22.03,49.15,28.82
470,8_K,1o,22.0,21.62,56.38
471,5_K,2odifferent,21.99,43.67,34.34
472,8_K,2osame,21.99,21.9,56.11
473,2_A,2s,21.83,1.64,76.53
474,9_K,1o,21.8,15.4,62.81
475,9_K,1o,21.75,15.39,62.86
476,9_K,2osame,21.73,15.59,62.68
477,6_K,1o,21.65,36.43,41.92
478,7_K,1o,21.6,28.43,49.97
479,6_K,1o,21.6,36.42,41.98
480,8_K,1s,21.59,20.61,57.8
481,6_K,2osame,21.58,36.9,41.52
482,Q_K,1o,21.58,6.14,72.28
483,7_K,1o,21.55,28.42,50.03
484,J_K,1o,21.54,8.14,70.32
485,Q_K,1o,21.53,6.14,72.33
486,7_K,2osame,21.53,28.79,49.68
487,Q_K,2osame,21.52,6.25,72.23
488,K_A,1o,21.52,1.31,77.17
489,T_K,1o,21.5,10.75,67.76
490,J_K,1o,21.49,8.14,70.37
491,J_K,2osame,21.48,8.27,70.26
492,K_A,1o,21.47,1.31,77.21
493,T_K,1o,21.45,10.74,67.81
494,T_K,2osame,21.43,10.89,67.68
495,3_K,1o,21.37,50.42,28.21
496,9_K,1s,21.34,14.74,63.92
497,3_K,1o,21.33,50.4,28.27
498,4_K,1o,21.33,49.79,28.88
499,3_K,2osame,21.31,51.07,27.63
500,5_K,1o,21.29,44.23,34.48
501,4_K,1o,21.28,49.78,28.94
502,4_K,2osame,21.26,50.45,28.29
503,5_K,1o,21.24,44.22,34.54
504,8_K,2s,21.22,20.32,58.46
505,6_K,1s,21.21,34.52,44.27
506,5_K,2osame,21.21,44.81,33.97
507,7_K,1s,21.17,27.0,51.83
508,Q_K,1s,21.13,5.96,72.9
509,K_A,1s,21.09,1.36,77.55
510,J_K,1s,21.09,7.88,71.02
511,T_K,1s,21.05,10.36,68.59
512,9_K,2s,20.99,14.54,64.47
513,3_K,1s,20.96,47.61,31.43
514,4_K,1s,20.92,47.03,32.05
515,5_K,1s,20.88,41.82,37.3
516,6_K,2s,20.87,34.03,45.11
517,7_K,2s,20.81,26.63,52.56
518,Q_K,2s,20.8,5.87,73.33
519,K_A,2s,20.76,1.31,77.94
520,J_K,2s,20.76,7.76,71.48
521,K_A,2osame,20.73,1.4,77.87
522,T_K,2s,20.72,10.21,69.07
523,3_K,2s,20.63,46.91,32.46
524,4_K,2s,20.6,46.33,33.07
525,5_K,2s,20.56,41.21,38.23
526,A_A,2odifferent,11.29,0.41,88.3
527,A_A,1o,10.49,0.45,89.06
528,A_A,2osame,9.64,0.53,89.83
529,K_K,2odifferent,5.23,1.48,93.29
530,K_K,1o,4.31,1.53,94.16
531,2_K,2odifferent,2.13,95.74,2.13
532,2_K,2s,2.13,90.71,7.16
533,2_K,1o,1.09,97.13,1.78
534,2_K,2osame,0.74,98.52,0.74
