,vs_Hand,type,Equity_%,Draws_%,Loses_%
0,3_7,2osame,62.05,13.51,24.44
1,2_3,2osame,61.98,14.24,23.78
2,3_7,2odifferent,61.78,13.07,25.15
3,3_7,1o,61.6,13.29,25.12
4,2_3,1o,61.54,14.0,24.46
5,2_3,2odifferent,61.03,13.8,25.17
6,3_6,2osame,60.6,13.35,26.05
7,2_7,2osame,60.58,5.27,34.15
8,3_6,2odifferent,60.37,12.92,26.71
9,3_6,1o,60.16,13.14,26.7
10,2_7,1o,60.13,5.17,34.7
11,2_7,2osame,59.92,5.25,34.83
12,2_7,2odifferent,59.67,5.11,35.22
13,2_7,1o,59.47,5.19,35.34
14,2_6,2osame,59.46,5.25,35.29
15,3_4,2osame,59.23,13.74,27.04
16,3_4,2odifferent,59.04,13.29,27.67
17,2_6,1o,59.03,5.15,35.82
18,3_4,1o,58.81,13.51,27.68
19,2_6,2osame,58.79,5.23,35.98
20,3_5,2osame,58.73,13.72,27.55
21,2_6,2odifferent,58.58,5.09,36.32
22,3_5,2odifferent,58.57,13.27,28.16
23,2_6,1o,58.36,5.17,36.47
24,3_5,1o,58.33,13.49,28.18
25,2_4,2osame,58.13,5.3,36.57
26,2_5,2osame,57.96,5.29,36.75
27,3_7,2s,57.95,12.58,29.47
28,2_4,1o,57.73,5.21,37.06
29,2_5,1o,57.56,5.19,37.25
30,2_4,2osame,57.47,5.29,37.25
31,2_4,2odifferent,57.31,5.15,37.54
32,2_5,2osame,57.3,5.27,37.44
33,2_3,2s,57.23,13.3,29.47
34,2_5,2odifferent,57.14,5.13,37.73
35,2_4,1o,57.06,5.23,37.71
36,2_5,1o,56.89,5.21,37.9
37,2_7,1s,56.76,4.89,38.35
38,3_6,2s,56.63,12.46,30.92
39,2_7,2s,55.9,4.81,39.29
40,2_6,1s,55.67,4.87,39.46
41,3_4,2s,55.37,12.81,31.82
42,3_5,2s,54.94,12.79,32.27
43,2_6,2s,54.89,4.79,40.32
44,2_4,1s,54.37,4.92,40.71
45,2_5,1s,54.22,4.91,40.87
46,2_4,2s,53.69,4.85,41.46
47,4_7,2osame,53.67,5.25,41.08
48,4_7,2osame,53.67,5.24,41.09
49,4_7,2odifferent,53.66,5.07,41.27
50,2_5,2s,53.55,4.83,41.62
51,4_7,1o,53.34,5.15,41.52
52,4_7,1o,53.33,5.15,41.52
53,4_6,2odifferent,52.75,5.05,42.19
54,4_6,2osame,52.74,5.23,42.03
55,4_6,2osame,52.74,5.22,42.04
56,4_6,1o,52.42,5.13,42.45
57,4_6,1o,52.42,5.13,42.45
58,4_5,2odifferent,51.57,5.09,43.34
59,4_5,2osame,51.51,5.26,43.23
60,4_5,2osame,51.51,5.27,43.23
61,5_6,2odifferent,51.28,5.04,43.69
62,5_7,2odifferent,51.24,5.98,42.78
63,4_5,1o,51.21,5.17,43.62
64,5_6,2osame,51.21,5.21,43.57
65,4_5,1o,51.21,5.17,43.62
66,5_6,2osame,51.21,5.21,43.58
67,5_7,2osame,51.19,6.17,42.64
68,5_7,2osame,51.19,6.17,42.63
69,5_6,1o,50.92,5.11,43.97
70,5_6,1o,50.91,5.11,43.97
71,5_7,1o,50.89,6.07,43.05
72,5_7,1o,50.88,6.07,43.05
73,4_7,1s,50.76,4.88,44.36
74,4_7,2s,50.19,4.8,45.01
75,4_6,1s,49.85,4.86,45.28
76,4_6,2s,49.36,4.79,45.86
77,4_5,1s,48.67,4.9,46.43
78,5_7,1s,48.47,5.74,45.79
79,5_6,1s,48.44,4.85,46.7
80,6_7,2odifferent,48.29,6.58,45.14
81,4_5,2s,48.27,4.82,46.91
82,6_7,2osame,48.17,6.78,45.05
83,6_7,2osame,48.17,6.78,45.05
84,5_6,2s,47.99,4.78,47.24
85,5_7,2s,47.95,5.65,46.4
86,6_7,1o,47.9,6.67,45.43
87,6_7,1o,47.9,6.67,45.44
88,6_7,1s,45.68,6.3,48.02
89,6_7,2s,45.19,6.21,48.6
90,2_2,2osame,45.15,2.62,52.23
91,2_2,1o,44.78,2.58,52.63
92,2_2,2odifferent,44.41,2.55,53.04
93,2_K,1o,40.31,0.78,58.91
94,2_Q,1o,40.31,1.04,58.65
95,2_K,2odifferent,40.09,0.75,59.17
96,2_Q,2odifferent,40.09,1.01,58.91
97,2_J,1o,40.01,1.44,58.55
98,2_Q,2osame,39.87,1.1,59.03
99,2_K,2osame,39.87,0.84,59.29
100,2_K,2osame,39.85,0.86,59.29
101,2_Q,2osame,39.85,1.12,59.03
102,2_J,2odifferent,39.79,1.41,58.8
103,2_Q,1o,39.66,1.06,59.28
104,2_K,1o,39.66,0.8,59.54
105,2_T,1o,39.65,2.07,58.28
106,2_J,2osame,39.57,1.5,58.94
107,2_J,2osame,39.55,1.52,58.93
108,2_A,1o,39.52,0.53,59.94
109,2_T,2odifferent,39.44,2.04,58.53
110,2_9,1o,39.38,3.26,57.37
111,2_J,1o,39.35,1.46,59.18
112,2_A,2odifferent,39.31,0.5,60.19
113,2_T,2osame,39.2,2.13,58.66
114,2_T,2osame,39.18,2.16,58.66
115,2_9,2odifferent,39.17,3.21,57.62
116,2_A,2osame,39.07,0.59,60.35
117,2_A,2osame,39.05,0.62,60.33
118,2_T,1o,39.0,2.09,58.91
119,2_9,2osame,38.93,3.32,57.75
120,2_9,2osame,38.9,3.34,57.75
121,2_A,1o,38.87,0.55,60.58
122,2_9,1o,38.72,3.28,58.0
123,2_Q,1s,38.13,1.04,60.82
124,2_K,1s,38.12,0.8,61.09
125,2_J,1s,37.87,1.42,60.71
126,2_T,1s,37.55,2.02,60.43
127,2_Q,2s,37.53,0.99,61.48
128,2_K,2s,37.51,0.74,61.75
129,2_A,1s,37.33,0.56,62.11
130,2_9,1s,37.31,3.12,59.57
131,2_J,2s,37.27,1.37,61.36
132,2_T,2s,36.96,1.96,61.08
133,2_A,2s,36.8,0.51,62.69
134,2_9,2s,36.72,3.05,60.22
135,6_A,2odifferent,36.03,0.4,63.57
136,4_K,2odifferent,36.0,0.7,63.3
137,4_Q,2odifferent,36.0,0.96,63.04
138,7_Q,2odifferent,35.96,0.9,63.13
139,7_A,2odifferent,35.77,0.39,63.84
140,4_J,2odifferent,35.7,1.36,62.94
141,6_Q,2odifferent,35.66,0.9,63.44
142,6_K,2odifferent,35.66,0.64,63.7
143,7_K,2odifferent,35.66,0.63,63.71
144,6_J,2odifferent,35.65,1.31,63.04
145,6_A,2osame,35.65,0.53,63.82
146,4_K,2osame,35.61,0.82,63.57
147,4_Q,2osame,35.61,1.08,63.31
148,5_K,2odifferent,35.6,0.68,63.71
149,5_Q,2odifferent,35.6,0.94,63.45
150,7_Q,2osame,35.58,1.04,63.39
151,6_A,1o,35.51,0.45,64.03
152,6_A,1o,35.51,0.45,64.04
153,4_Q,1o,35.48,1.02,63.5
154,4_K,1o,35.48,0.76,63.76
155,4_Q,1o,35.47,1.02,63.51
156,4_K,1o,35.47,0.76,63.77
157,7_Q,1o,35.44,0.96,63.6
158,7_Q,1o,35.44,0.96,63.6
159,4_A,2odifferent,35.4,0.46,64.14
160,7_A,2osame,35.38,0.52,64.1
161,4_T,2odifferent,35.35,1.99,62.66
162,4_9,2odifferent,35.32,3.18,61.5
163,5_J,2odifferent,35.31,1.35,63.35
164,4_J,2osame,35.3,1.49,63.21
165,7_K,2osame,35.27,0.77,63.97
166,6_Q,2osame,35.26,1.03,63.71
167,6_J,2osame,35.26,1.44,63.3
168,6_K,2osame,35.26,0.77,63.97
169,7_A,1o,35.25,0.44,64.31
170,7_A,1o,35.25,0.44,64.31
171,5_T,2odifferent,35.24,1.98,62.78
172,5_K,2osame,35.2,0.81,63.99
173,5_Q,2osame,35.2,1.07,63.73
174,4_J,1o,35.18,1.42,63.4
175,4_J,1o,35.17,1.42,63.41
176,7_K,1o,35.14,0.69,64.18
177,6_K,1o,35.14,0.69,64.17
178,6_Q,1o,35.14,0.95,63.91
179,6_J,1o,35.13,1.36,63.51
180,6_K,1o,35.13,0.69,64.18
181,7_K,1o,35.13,0.69,64.18
182,6_Q,1o,35.13,0.95,63.92
183,6_J,1o,35.12,1.36,63.52
184,5_Q,1o,35.08,1.0,63.92
185,5_K,1o,35.08,0.74,64.18
186,5_K,1o,35.07,0.74,64.19
187,5_Q,1o,35.07,1.0,63.93
188,5_A,2odifferent,35.0,0.44,64.56
189,4_A,2osame,34.99,0.58,64.44
190,6_A,2osame,34.97,0.53,64.5
191,4_T,2osame,34.94,2.12,62.94
192,4_K,2osame,34.93,0.84,64.23
193,4_Q,2osame,34.93,1.1,63.97
194,4_9,2osame,34.92,3.32,61.76
195,7_Q,2osame,34.9,1.04,64.06
196,5_J,2osame,34.9,1.47,63.63
197,4_A,1o,34.87,0.51,64.62
198,4_A,1o,34.86,0.51,64.63
199,5_T,2osame,34.83,2.12,63.05
200,4_T,1o,34.82,2.05,63.13
201,4_T,1o,34.81,2.05,63.14
202,4_9,1o,34.8,3.24,61.96
203,4_9,1o,34.79,3.24,61.97
204,5_J,1o,34.78,1.4,63.82
205,5_J,1o,34.77,1.4,63.83
206,7_J,2odifferent,34.76,1.31,63.93
207,7_A,2osame,34.71,0.52,64.77
208,5_T,1o,34.71,2.04,63.25
209,5_T,1o,34.7,2.04,63.26
210,4_J,2osame,34.62,1.5,63.88
211,7_K,2osame,34.58,0.77,64.65
212,5_A,2osame,34.58,0.57,64.85
213,6_Q,2osame,34.58,1.03,64.39
214,6_K,2osame,34.58,0.77,64.65
215,6_J,2osame,34.57,1.44,63.98
216,5_Q,2osame,34.52,1.08,64.4
217,5_K,2osame,34.52,0.82,64.66
218,5_A,1o,34.47,0.49,65.04
219,5_A,1o,34.46,0.49,65.05
220,6_T,2odifferent,34.4,1.94,63.66
221,7_J,2osame,34.34,1.44,64.22
222,4_A,2osame,34.31,0.59,65.1
223,4_T,2osame,34.26,2.13,63.61
224,4_9,2osame,34.23,3.33,62.44
225,7_J,1o,34.22,1.36,64.42
226,5_J,2osame,34.21,1.48,64.31
227,7_J,1o,34.21,1.36,64.42
228,5_T,2osame,34.15,2.12,63.73
229,6_A,1s,34.08,0.51,65.4
230,5_9,2odifferent,34.07,3.16,62.76
231,7_Q,1s,34.03,0.99,64.97
232,4_Q,1s,34.02,1.03,64.95
233,4_K,1s,34.0,0.79,65.21
234,6_T,2osame,33.96,2.08,63.96
235,5_A,2osame,33.91,0.57,65.52
236,7_A,1s,33.85,0.5,65.65
237,6_T,1o,33.85,2.0,64.15
238,6_T,1o,33.85,2.0,64.15
239,4_J,1s,33.76,1.41,64.83
240,6_J,1s,33.74,1.37,64.89
241,6_Q,1s,33.73,0.98,65.28
242,7_K,1s,33.73,0.74,65.53
243,6_K,1s,33.72,0.74,65.55
244,6_A,2s,33.67,0.46,65.88
245,5_Q,1s,33.66,1.03,65.31
246,7_J,2osame,33.65,1.44,64.91
247,5_K,1s,33.65,0.78,65.58
248,5_9,2osame,33.63,3.31,63.06
249,4_Q,2s,33.62,0.98,65.4
250,7_Q,2s,33.6,0.94,65.47
251,4_K,2s,33.6,0.73,65.66
252,5_9,1o,33.53,3.23,63.25
253,5_9,1o,33.52,3.23,63.26
254,7_T,2odifferent,33.51,1.94,64.55
255,4_T,1s,33.44,2.01,64.55
256,4_9,1s,33.43,3.12,63.45
257,7_A,2s,33.43,0.45,66.12
258,5_J,1s,33.4,1.41,65.2
259,4_A,1s,33.4,0.55,66.05
260,4_J,2s,33.36,1.36,65.28
261,5_T,1s,33.35,2.01,64.64
262,6_J,2s,33.33,1.32,65.36
263,6_Q,2s,33.32,0.93,65.75
264,6_K,2s,33.3,0.68,66.01
265,7_K,2s,33.3,0.68,66.01
266,6_T,2osame,33.28,2.08,64.64
267,5_Q,2s,33.27,0.97,65.76
268,5_K,2s,33.25,0.72,66.02
269,6_9,2odifferent,33.23,3.12,63.65
270,4_A,2s,33.07,0.5,66.44
271,7_T,2osame,33.05,2.08,64.88
272,4_T,2s,33.05,1.95,65.0
273,5_A,1s,33.04,0.55,66.41
274,4_9,2s,33.04,3.05,63.91
275,5_J,2s,33.01,1.35,65.64
276,5_T,2s,32.97,1.95,65.09
277,7_T,1o,32.95,2.0,65.05
278,5_9,2osame,32.94,3.32,63.75
279,7_T,1o,32.94,2.0,65.06
280,Q_A,2odifferent,32.91,0.4,66.69
281,7_J,1s,32.89,1.37,65.74
282,K_A,2odifferent,32.88,0.41,66.71
283,6_9,2osame,32.76,3.27,63.97
284,5_A,2s,32.72,0.49,66.79
285,6_9,1o,32.67,3.18,64.15
286,6_9,1o,32.66,3.18,64.16
287,J_A,2odifferent,32.64,0.39,66.96
288,9_A,2odifferent,32.57,0.38,67.04
289,6_T,1s,32.55,1.97,65.48
290,7_J,2s,32.49,1.32,66.19
291,7_T,2osame,32.36,2.08,65.56
292,7_9,2odifferent,32.34,3.12,64.54
293,Q_A,1o,32.32,0.46,67.22
294,T_A,2odifferent,32.32,0.38,67.29
295,Q_A,1o,32.32,0.46,67.22
296,J_K,2odifferent,32.31,0.63,67.06
297,9_K,2odifferent,32.29,0.63,67.08
298,K_A,1o,32.29,0.47,67.24
299,K_A,1o,32.29,0.47,67.25
300,Q_K,2odifferent,32.27,0.64,67.08
301,5_9,1s,32.24,3.11,64.65
302,6_T,2s,32.17,1.91,65.92
303,6_9,2osame,32.07,3.27,64.66
304,J_A,1o,32.05,0.45,67.5
305,J_A,1o,32.05,0.45,67.5
306,T_K,2odifferent,32.04,0.62,67.34
307,9_A,1o,31.98,0.44,67.58
308,9_A,1o,31.98,0.44,67.58
309,5_9,2s,31.89,3.04,65.07
310,7_9,2osame,31.84,3.27,64.89
311,7_9,1o,31.76,3.18,65.06
312,7_9,1o,31.76,3.18,65.06
313,T_A,1o,31.73,0.44,67.84
314,T_A,1o,31.72,0.44,67.84
315,J_K,1o,31.71,0.69,67.61
316,Q_A,2osame,31.71,0.54,67.76
317,Q_A,2osame,31.71,0.54,67.75
318,J_K,1o,31.71,0.69,67.61
319,7_T,1s,31.7,1.97,66.33
320,9_K,1o,31.69,0.69,67.62
321,9_K,1o,31.69,0.69,67.62
322,K_A,2osame,31.68,0.55,67.77
323,Q_K,1o,31.67,0.7,67.63
324,K_A,2osame,31.67,0.55,67.78
325,Q_K,1o,31.67,0.7,67.63
326,J_Q,2odifferent,31.55,0.88,67.58
327,9_Q,2odifferent,31.53,0.89,67.58
328,J_A,2osame,31.44,0.53,68.03
329,T_K,1o,31.44,0.68,67.88
330,T_K,1o,31.44,0.68,67.89
331,6_9,1s,31.44,3.07,65.49
332,J_A,2osame,31.43,0.53,68.04
333,9_A,2osame,31.37,0.52,68.11
334,9_A,2osame,31.36,0.52,68.12
335,7_T,2s,31.34,1.91,66.75
336,T_Q,2odifferent,31.28,0.87,67.85
337,7_9,2osame,31.15,3.27,65.58
338,T_A,2osame,31.11,0.52,68.37
339,T_A,2osame,31.1,0.52,68.38
340,6_9,2s,31.1,3.01,65.9
341,J_K,2osame,31.08,0.77,68.15
342,J_K,2osame,31.08,0.77,68.15
343,9_K,2osame,31.07,0.77,68.16
344,9_K,2osame,31.07,0.76,68.17
345,Q_K,2osame,31.05,0.78,68.17
346,Q_K,2osame,31.05,0.78,68.17
347,J_Q,1o,30.94,0.93,68.14
348,J_Q,1o,30.94,0.93,68.14
349,Q_A,1s,30.94,0.52,68.54
350,9_Q,1o,30.92,0.94,68.14
351,9_Q,1o,30.92,0.94,68.14
352,K_A,1s,30.89,0.52,68.58
353,T_K,2osame,30.81,0.76,68.43
354,T_K,2osame,30.81,0.76,68.44
355,J_A,1s,30.71,0.51,68.78
356,9_A,1s,30.68,0.5,68.81
357,T_Q,1o,30.67,0.92,68.41
358,T_Q,1o,30.67,0.92,68.41
359,Q_A,2s,30.59,0.46,68.95
360,7_9,1s,30.59,3.07,66.33
361,3_3,2odifferent,30.55,3.53,65.93
362,K_A,2s,30.54,0.47,68.99
363,9_J,2odifferent,30.51,1.28,68.22
364,T_A,1s,30.42,0.5,69.08
365,9_K,1s,30.39,0.74,68.87
366,J_A,2s,30.36,0.45,69.19
367,J_K,1s,30.36,0.74,68.91
368,9_A,2s,30.32,0.45,69.23
369,Q_K,1s,30.31,0.74,68.95
370,J_Q,2osame,30.3,1.01,68.69
371,J_Q,2osame,30.3,1.01,68.69
372,9_Q,2osame,30.29,1.02,68.69
373,9_Q,2osame,30.28,1.02,68.7
374,7_9,2s,30.26,3.01,66.73
375,T_J,2odifferent,30.26,1.13,68.61
376,T_K,1s,30.12,0.73,69.15
377,T_A,2s,30.08,0.45,69.47
378,9_K,2s,30.03,0.68,69.29
379,T_Q,2osame,30.03,1.0,68.97
380,T_Q,2osame,30.02,1.0,68.98
381,J_K,2s,30.02,0.68,69.3
382,Q_K,2s,29.97,0.68,69.34
383,9_J,1o,29.88,1.33,68.79
384,9_J,1o,29.88,1.33,68.79
385,T_K,2s,29.79,0.67,69.54
386,9_Q,1s,29.68,0.98,69.34
387,J_Q,1s,29.65,0.96,69.38
388,T_J,1o,29.62,1.19,69.19
389,T_J,1o,29.62,1.19,69.19
390,9_T,2odifferent,29.44,1.81,68.75
391,T_Q,1s,29.42,0.96,69.62
392,4_4,2odifferent,29.38,2.04,68.58
393,9_Q,2s,29.35,0.92,69.73
394,J_Q,2s,29.34,0.91,69.75
395,9_J,2osame,29.23,1.41,69.36
396,9_J,2osame,29.22,1.41,69.36
397,T_Q,2s,29.11,0.9,69.99
398,T_J,2osame,28.97,1.27,69.77
399,T_J,2osame,28.97,1.27,69.77
400,4_4,2osame,28.95,2.16,68.89
401,4_4,1o,28.81,2.09,69.09
402,9_T,1o,28.8,1.86,69.34
403,9_T,1o,28.8,1.86,69.34
404,9_J,1s,28.72,1.35,69.94
405,5_5,2odifferent,28.59,1.64,69.77
406,T_J,1s,28.45,1.21,70.34
407,9_J,2s,28.42,1.29,70.3
408,T_J,2s,28.18,1.15,70.67
409,5_5,2osame,28.15,1.77,70.08
410,9_T,2osame,28.12,1.94,69.93
411,9_T,2osame,28.12,1.94,69.93
412,6_6,2odifferent,28.11,1.27,70.62
413,5_5,1o,28.02,1.69,70.29
414,9_T,1s,27.71,1.85,70.45
415,2_8,1o,27.68,51.03,21.29
416,6_6,2osame,27.66,1.4,70.94
417,2_8,2odifferent,27.64,50.37,21.99
418,7_7,2odifferent,27.62,1.0,71.38
419,6_6,1o,27.53,1.33,71.14
420,9_T,2s,27.44,1.78,70.78
421,7_7,2osame,27.16,1.14,71.7
422,2_8,2osame,27.09,51.69,21.22
423,7_7,1o,27.03,1.06,71.91
424,2_8,1o,26.99,51.04,21.97
425,2_8,1s,26.61,48.19,25.2
426,2_8,2s,26.04,47.45,26.51
427,3_A,2odifferent,24.77,1.58,73.65
428,3_Q,2odifferent,24.62,3.84,71.53
429,3_K,2odifferent,24.62,2.79,72.59
430,3_J,2odifferent,24.28,5.17,70.55
431,3_A,1o,24.09,1.65,74.26
432,3_A,2osame,24.05,1.72,74.23
433,3_K,1o,23.95,2.87,73.19
434,3_Q,1o,23.94,3.94,72.12
435,3_Q,2osame,23.9,4.03,72.07
436,3_K,2osame,23.9,2.95,73.15
437,3_T,2odifferent,23.89,7.01,69.1
438,3_J,1o,23.6,5.28,71.12
439,3_J,2osame,23.55,5.39,71.06
440,3_9,2odifferent,23.54,9.77,66.69
441,3_T,1o,23.2,7.14,69.66
442,3_A,2s,23.15,1.57,75.28
443,3_T,2osame,23.15,7.27,69.58
444,3_Q,2s,23.03,3.75,73.23
445,3_K,2s,23.01,2.72,74.27
446,8_K,2odifferent,22.89,3.73,73.38
447,3_9,1o,22.84,9.95,67.21
448,3_9,2osame,22.78,10.12,67.1
449,3_J,2s,22.73,5.03,72.24
450,8_Q,2odifferent,22.6,4.75,72.65
451,8_A,2odifferent,22.49,3.0,74.5
452,3_T,2s,22.38,6.8,70.82
453,8_J,2odifferent,22.31,6.01,71.69
454,8_K,1o,22.19,3.82,73.99
455,8_K,1o,22.13,3.82,74.05
456,3_9,2s,22.07,9.45,68.49
457,8_T,2odifferent,22.02,7.7,70.29
458,8_Q,1o,21.89,4.86,73.26
459,4_8,2odifferent,21.85,48.63,29.52
460,8_Q,1o,21.84,4.85,73.31
461,8_A,1o,21.78,3.09,75.13
462,8_9,2odifferent,21.77,9.94,68.29
463,8_A,1o,21.73,3.09,75.18
464,8_K,1s,21.72,3.74,74.54
465,6_8,2odifferent,21.66,34.83,43.5
466,8_J,1o,21.59,6.13,72.28
467,5_8,2odifferent,21.56,42.19,36.25
468,8_J,1o,21.54,6.13,72.33
469,8_Q,1s,21.43,4.76,73.81
470,8_K,2osame,21.4,3.95,74.65
471,7_8,2odifferent,21.37,27.56,51.07
472,8_K,2s,21.36,3.63,75.01
473,8_A,1s,21.35,3.0,75.65
474,8_T,1o,21.3,7.85,70.86
475,8_T,1o,21.24,7.84,70.91
476,8_J,1s,21.14,6.01,72.84
477,4_8,1o,21.12,49.29,29.58
478,8_Q,2osame,21.1,4.99,73.91
479,8_Q,2s,21.1,4.63,74.27
480,4_8,1o,21.08,49.28,29.64
481,4_8,2osame,21.05,49.95,29.0
482,8_9,1o,21.04,10.12,68.84
483,8_A,2s,21.01,2.9,76.09
484,8_A,2osame,21.0,3.2,75.8
485,8_9,1o,20.99,10.11,68.9
486,6_8,1o,20.93,35.29,43.77
487,6_8,1o,20.88,35.29,43.83
488,6_8,2osame,20.86,35.76,43.38
489,8_T,1s,20.85,7.69,71.46
490,8_J,2s,20.83,5.87,73.3
491,5_8,1o,20.83,42.76,36.42
492,8_J,2osame,20.8,6.28,72.93
493,5_8,1o,20.78,42.75,36.47
494,5_8,2osame,20.75,43.32,35.93
495,4_8,1s,20.72,46.57,32.71
496,7_8,1o,20.64,27.91,51.45
497,8_9,1s,20.61,9.88,69.51
498,7_8,1o,20.59,27.91,51.5
499,8_T,2s,20.56,7.52,71.92
500,7_8,2osame,20.56,28.28,51.16
501,6_8,1s,20.52,33.48,46.0
502,8_T,2osame,20.49,8.02,71.49
503,5_8,1s,20.44,40.47,39.1
504,4_8,2s,20.44,45.86,33.71
505,8_9,2s,20.34,9.68,69.98
506,6_8,2s,20.25,32.98,46.77
507,7_8,1s,20.23,26.56,53.2
508,8_9,2osame,20.23,10.32,69.45
509,5_8,2s,20.17,39.86,39.98
510,7_8,2s,19.97,26.17,53.86
511,A_A,2odifferent,12.85,0.33,86.82
512,Q_Q,2odifferent,12.83,0.35,86.83
513,K_K,2odifferent,12.71,0.35,86.94
514,J_J,2odifferent,12.59,0.36,87.04
515,T_T,2odifferent,12.3,0.43,87.26
516,A_A,1o,12.06,0.38,87.56
517,Q_Q,1o,12.03,0.4,87.57
518,9_9,2odifferent,12.01,0.61,87.38
519,K_K,1o,11.91,0.41,87.69
520,J_J,1o,11.79,0.42,87.79
521,T_T,1o,11.5,0.49,88.01
522,A_A,2osame,11.24,0.47,88.3
523,Q_Q,2osame,11.21,0.48,88.31
524,9_9,1o,11.21,0.66,88.13
525,K_K,2osame,11.08,0.49,88.43
526,J_J,2osame,10.97,0.5,88.53
527,T_T,2osame,10.67,0.57,88.76
528,9_9,2osame,10.37,0.74,88.89
529,8_8,2odifferent,5.25,4.02,90.73
530,8_8,1o,4.31,4.11,91.58
531,3_8,2s,2.15,90.7,7.16
532,3_8,2odifferent,2.15,95.71,2.15
533,3_8,1o,1.09,97.11,1.8
534,3_8,2osame,0.74,98.52,0.74
