,vs_Hand,type,Equity_%,Draws_%,Loses_%
0,2_3,2osame,75.58,2.14,22.28
1,3_K,2osame,75.24,2.21,22.55
2,2_3,1o,74.96,2.06,22.98
3,3_Q,2osame,74.85,2.19,22.95
4,3_K,2odifferent,74.62,2.06,23.32
5,3_K,1o,74.61,2.13,23.25
6,3_J,2osame,74.46,2.18,23.35
7,2_3,2odifferent,74.28,2.01,23.71
8,3_Q,2odifferent,74.24,2.05,23.71
9,3_8,2osame,74.23,1.72,24.05
10,3_Q,1o,74.23,2.12,23.65
11,3_9,2osame,74.21,2.17,23.62
12,3_T,2osame,74.08,2.17,23.75
13,3_J,2odifferent,73.87,2.03,24.1
14,3_J,1o,73.85,2.11,24.04
15,3_8,2odifferent,73.65,1.58,24.77
16,3_8,1o,73.62,1.65,24.73
17,3_9,2odifferent,73.62,2.02,24.36
18,3_9,1o,73.6,2.09,24.31
19,3_T,2odifferent,73.5,2.02,24.48
20,3_T,1o,73.47,2.1,24.43
21,3_7,2osame,73.08,1.62,25.3
22,3_7,2odifferent,72.53,1.49,25.99
23,3_7,1o,72.48,1.55,25.96
24,3_4,2osame,72.11,1.97,25.92
25,3_5,2osame,71.67,1.95,26.39
26,3_4,2odifferent,71.6,1.83,26.58
27,3_4,1o,71.53,1.9,26.57
28,3_6,2osame,71.51,1.64,26.85
29,3_5,2odifferent,71.17,1.8,27.03
30,3_5,1o,71.09,1.88,27.04
31,3_6,2odifferent,71.01,1.5,27.49
32,3_6,1o,70.94,1.57,27.49
33,3_K,2s,70.2,1.99,27.81
34,2_3,2s,69.99,1.96,28.05
35,3_Q,2s,69.85,1.98,28.17
36,3_J,2s,69.5,1.97,28.53
37,3_8,2s,69.28,1.56,29.16
38,3_9,2s,69.25,1.96,28.78
39,3_T,2s,69.16,1.96,28.88
40,3_7,2s,68.24,1.48,30.28
41,3_4,2s,67.44,1.82,30.74
42,3_5,2s,67.03,1.8,31.17
43,3_6,2s,66.81,1.52,31.67
44,2_K,2osame,65.77,0.66,33.57
45,2_Q,2osame,65.42,0.64,33.94
46,2_K,1o,65.28,0.58,34.14
47,2_7,2osame,65.13,0.63,34.24
48,2_K,2osame,65.11,0.63,34.25
49,2_J,2osame,65.07,0.63,34.3
50,2_Q,1o,64.94,0.56,34.5
51,2_9,2osame,64.9,0.61,34.48
52,2_K,2odifferent,64.79,0.54,34.67
53,2_Q,2osame,64.77,0.62,34.62
54,2_T,2osame,64.73,0.62,34.65
55,2_7,1o,64.66,0.55,34.78
56,2_K,1o,64.63,0.6,34.78
57,2_J,1o,64.6,0.55,34.85
58,2_7,2osame,64.49,0.6,34.91
59,2_8,2osame,64.47,0.62,34.91
60,2_Q,2odifferent,64.45,0.53,35.02
61,2_9,1o,64.43,0.53,35.03
62,2_J,2osame,64.42,0.61,34.97
63,2_Q,1o,64.28,0.58,35.13
64,2_T,1o,64.27,0.54,35.2
65,2_9,2osame,64.25,0.59,35.16
66,2_6,2osame,64.22,0.65,35.13
67,2_7,2odifferent,64.18,0.51,35.3
68,2_J,2odifferent,64.12,0.51,35.37
69,2_T,2osame,64.09,0.59,35.32
70,2_8,1o,64.01,0.53,35.45
71,2_7,1o,64.01,0.57,35.42
72,2_9,2odifferent,63.95,0.5,35.55
73,2_J,1o,63.94,0.57,35.49
74,2_8,2osame,63.83,0.59,35.58
75,2_T,2odifferent,63.79,0.5,35.71
76,2_9,1o,63.78,0.55,35.67
77,2_6,1o,63.77,0.57,35.66
78,2_4,2osame,63.68,0.69,35.62
79,2_T,1o,63.61,0.56,35.83
80,2_6,2osame,63.57,0.62,35.81
81,2_8,2odifferent,63.54,0.5,35.96
82,2_8,1o,63.36,0.55,36.09
83,2_6,2odifferent,63.3,0.53,36.17
84,2_5,2osame,63.28,0.68,36.04
85,2_4,1o,63.24,0.63,36.14
86,2_6,1o,63.11,0.59,36.31
87,2_4,2osame,63.02,0.68,36.3
88,2_5,1o,62.84,0.6,36.55
89,2_4,2odifferent,62.78,0.59,36.63
90,2_5,2osame,62.62,0.66,36.72
91,2_4,1o,62.57,0.65,36.78
92,2_5,2odifferent,62.39,0.57,37.04
93,2_5,1o,62.18,0.62,37.2
94,2_K,1s,61.56,0.61,37.83
95,2_Q,1s,61.24,0.6,38.16
96,4_K,2osame,61.2,0.61,38.2
97,4_K,2osame,61.19,0.62,38.19
98,4_K,2odifferent,61.03,0.48,38.49
99,2_7,1s,60.99,0.59,38.42
100,2_J,1s,60.93,0.59,38.48
101,4_Q,2osame,60.85,0.59,38.56
102,4_Q,2osame,60.84,0.61,38.56
103,4_K,1o,60.79,0.54,38.67
104,4_K,1o,60.78,0.54,38.68
105,2_9,1s,60.76,0.57,38.66
106,4_Q,2odifferent,60.69,0.47,38.84
107,4_9,2osame,60.68,0.58,38.74
108,4_9,2osame,60.67,0.59,38.74
109,2_K,2s,60.66,0.55,38.79
110,2_T,1s,60.62,0.57,38.8
111,4_9,2odifferent,60.53,0.46,39.01
112,4_J,2osame,60.5,0.58,38.92
113,4_J,2osame,60.49,0.59,38.92
114,5_Q,2osame,60.45,0.58,38.97
115,5_Q,2osame,60.44,0.58,38.97
116,4_Q,1o,60.44,0.53,39.03
117,4_Q,1o,60.43,0.52,39.04
118,2_8,1s,60.37,0.57,39.05
119,4_J,2odifferent,60.36,0.46,39.19
120,2_Q,2s,60.35,0.54,39.11
121,5_Q,2odifferent,60.31,0.45,39.25
122,4_9,1o,60.28,0.51,39.2
123,4_9,1o,60.27,0.51,39.22
124,4_T,2osame,60.17,0.57,39.27
125,4_T,2osame,60.15,0.58,39.27
126,5_T,2osame,60.12,0.56,39.32
127,5_J,2osame,60.11,0.56,39.33
128,5_T,2osame,60.11,0.57,39.32
129,4_J,1o,60.11,0.51,39.38
130,2_6,1s,60.1,0.6,39.3
131,2_7,2s,60.1,0.53,39.37
132,5_J,2osame,60.1,0.57,39.33
133,4_J,1o,60.1,0.51,39.39
134,5_Q,1o,60.06,0.5,39.44
135,5_Q,1o,60.05,0.5,39.45
136,2_J,2s,60.04,0.53,39.43
137,4_T,2odifferent,60.03,0.44,39.53
138,5_T,2odifferent,59.99,0.44,39.58
139,5_J,2odifferent,59.97,0.44,39.59
140,2_9,2s,59.88,0.51,39.61
141,5_K,2osame,59.85,1.54,38.61
142,5_K,2osame,59.84,1.55,38.61
143,4_T,1o,59.77,0.5,39.73
144,4_T,1o,59.76,0.5,39.74
145,2_T,2s,59.74,0.52,39.74
146,5_T,1o,59.73,0.49,39.78
147,5_J,1o,59.72,0.49,39.79
148,5_T,1o,59.72,0.49,39.79
149,5_J,1o,59.71,0.49,39.8
150,5_K,2odifferent,59.71,1.4,38.89
151,2_4,1s,59.57,0.65,39.78
152,2_8,2s,59.5,0.52,39.99
153,5_K,1o,59.45,1.46,39.08
154,5_K,1o,59.44,1.46,39.09
155,5_9,2osame,59.33,0.57,40.1
156,5_9,2osame,59.32,0.57,40.11
157,2_6,2s,59.29,0.54,40.17
158,5_9,2odifferent,59.22,0.44,40.35
159,2_5,1s,59.2,0.63,40.17
160,6_J,2osame,59.12,0.54,40.34
161,6_J,2osame,59.12,0.54,40.34
162,6_J,2odifferent,59.02,0.41,40.57
163,4_8,2osame,58.99,0.58,40.43
164,4_8,2osame,58.98,0.59,40.43
165,5_9,1o,58.95,0.49,40.56
166,5_9,1o,58.94,0.49,40.57
167,4_8,2odifferent,58.89,0.46,40.65
168,2_4,2s,58.83,0.6,40.57
169,6_J,1o,58.75,0.46,40.79
170,6_J,1o,58.75,0.46,40.79
171,4_8,1o,58.62,0.51,40.87
172,4_8,1o,58.61,0.51,40.88
173,4_7,2osame,58.58,0.59,40.83
174,4_7,2osame,58.57,0.6,40.83
175,4_7,2odifferent,58.5,0.46,41.04
176,2_5,2s,58.47,0.58,40.96
177,6_Q,2osame,58.43,1.22,40.34
178,6_Q,2osame,58.43,1.23,40.34
179,6_Q,2odifferent,58.34,1.08,40.58
180,4_7,1o,58.22,0.52,41.27
181,4_7,1o,58.21,0.52,41.27
182,6_Q,1o,58.06,1.14,40.8
183,6_Q,1o,58.06,1.14,40.8
184,6_T,2osame,57.83,0.53,41.64
185,6_T,2osame,57.82,0.53,41.64
186,4_K,1s,57.77,0.58,41.65
187,6_T,2odifferent,57.76,0.4,41.84
188,4_6,2osame,57.67,0.6,41.73
189,4_6,2osame,57.66,0.62,41.73
190,5_8,2osame,57.64,0.57,41.8
191,5_8,2osame,57.63,0.57,41.8
192,4_6,2odifferent,57.61,0.48,41.9
193,5_8,2odifferent,57.57,0.44,41.99
194,6_T,1o,57.47,0.45,42.08
195,6_T,1o,57.47,0.45,42.07
196,6_K,2osame,57.46,1.88,40.66
197,4_Q,1s,57.45,0.57,41.98
198,6_K,2osame,57.45,1.88,40.67
199,7_J,2osame,57.45,1.21,41.34
200,7_J,2osame,57.44,1.21,41.34
201,7_Q,2osame,57.42,1.86,40.71
202,7_Q,2osame,57.42,1.86,40.72
203,7_J,2odifferent,57.38,1.07,41.55
204,6_K,2odifferent,57.37,1.72,40.9
205,7_Q,2odifferent,57.34,1.71,40.95
206,4_6,1o,57.31,0.54,42.15
207,4_6,1o,57.31,0.54,42.15
208,4_9,1s,57.29,0.56,42.15
209,5_8,1o,57.28,0.49,42.23
210,5_8,1o,57.28,0.49,42.22
211,5_7,2osame,57.23,0.57,42.2
212,5_7,2osame,57.22,0.58,42.2
213,5_7,2odifferent,57.18,0.45,42.37
214,4_J,1s,57.14,0.56,42.3
215,7_J,1o,57.09,1.13,41.79
216,5_Q,1s,57.09,0.56,42.35
217,7_J,1o,57.09,1.13,41.78
218,6_K,1o,57.09,1.79,41.12
219,6_K,1o,57.09,1.79,41.12
220,7_Q,1o,57.06,1.77,41.17
221,7_Q,1o,57.06,1.77,41.17
222,4_K,2s,57.06,0.53,42.41
223,6_9,2osame,57.04,0.53,42.43
224,6_9,2osame,57.03,0.53,42.43
225,6_9,2odifferent,56.99,0.4,42.61
226,5_7,1o,56.88,0.5,42.62
227,5_7,1o,56.87,0.5,42.63
228,7_T,2osame,56.83,0.52,42.65
229,4_T,1s,56.83,0.55,42.62
230,7_T,2osame,56.83,0.52,42.65
231,7_T,2odifferent,56.79,0.38,42.82
232,5_T,1s,56.78,0.55,42.66
233,5_J,1s,56.77,0.55,42.68
234,4_Q,2s,56.75,0.52,42.74
235,4_5,2osame,56.71,0.64,42.65
236,4_5,2osame,56.71,0.65,42.64
237,4_5,2odifferent,56.7,0.52,42.79
238,6_9,1o,56.69,0.45,42.86
239,6_9,1o,56.69,0.45,42.85
240,4_9,2s,56.59,0.5,42.91
241,5_K,1s,56.53,1.45,42.02
242,7_T,1o,56.49,0.44,43.07
243,7_T,1o,56.49,0.44,43.07
244,4_J,2s,56.44,0.51,43.05
245,5_Q,2s,56.39,0.5,43.1
246,4_5,1o,56.38,0.57,43.05
247,4_5,1o,56.38,0.57,43.05
248,5_6,2osame,56.31,0.6,43.1
249,5_6,2osame,56.31,0.59,43.1
250,5_6,2odifferent,56.3,0.46,43.24
251,4_T,2s,56.14,0.5,43.36
252,5_T,2s,56.1,0.49,43.41
253,5_J,2s,56.09,0.49,43.42
254,5_9,1s,56.04,0.55,43.41
255,7_9,2osame,56.04,0.52,43.44
256,7_9,2osame,56.04,0.52,43.44
257,7_9,2odifferent,56.02,0.39,43.59
258,5_6,1o,55.98,0.52,43.5
259,5_6,1o,55.98,0.52,43.5
260,5_K,2s,55.83,1.39,42.78
261,6_J,1s,55.82,0.53,43.65
262,4_8,1s,55.73,0.56,43.7
263,7_9,1o,55.71,0.44,43.85
264,7_9,1o,55.71,0.44,43.85
265,7_K,2osame,55.45,2.51,42.04
266,7_K,2osame,55.44,2.51,42.04
267,7_K,2odifferent,55.39,2.35,42.26
268,5_9,2s,55.37,0.49,44.13
269,4_7,1s,55.33,0.57,44.1
270,6_8,2odifferent,55.31,0.4,44.29
271,6_8,2osame,55.3,0.53,44.17
272,6_8,2osame,55.3,0.53,44.17
273,6_Q,1s,55.18,1.16,43.66
274,6_J,2s,55.14,0.47,44.39
275,7_K,1o,55.1,2.42,42.49
276,7_K,1o,55.09,2.42,42.49
277,4_8,2s,55.06,0.51,44.43
278,6_8,1o,54.98,0.45,44.56
279,6_8,1o,54.98,0.45,44.57
280,6_7,2odifferent,54.91,0.41,44.68
281,6_7,2osame,54.89,0.54,44.57
282,6_7,2osame,54.89,0.54,44.57
283,8_T,2odifferent,54.83,1.05,44.12
284,8_T,2osame,54.82,1.2,43.98
285,8_T,2osame,54.82,1.2,43.98
286,8_J,2osame,54.79,1.85,43.36
287,8_J,2osame,54.79,1.85,43.36
288,8_J,2odifferent,54.78,1.7,43.53
289,8_9,2odifferent,54.73,0.38,44.89
290,4_7,2s,54.72,0.51,44.77
291,8_9,2osame,54.71,0.52,44.77
292,8_9,2osame,54.71,0.52,44.77
293,6_T,1s,54.63,0.52,44.86
294,6_7,1o,54.58,0.46,44.96
295,6_7,1o,54.58,0.46,44.96
296,8_T,1o,54.5,1.11,44.39
297,6_Q,2s,54.5,1.1,44.4
298,8_T,1o,54.5,1.11,44.39
299,5_8,1s,54.48,0.55,44.96
300,8_J,1o,54.46,1.76,43.78
301,8_J,1o,54.46,1.76,43.78
302,4_6,1s,54.44,0.58,44.98
303,8_9,1o,54.4,0.44,45.16
304,8_9,1o,54.4,0.44,45.17
305,7_8,2odifferent,54.34,0.39,45.27
306,7_8,2osame,54.31,0.52,45.17
307,7_8,2osame,54.31,0.52,45.17
308,6_K,1s,54.28,1.76,43.96
309,7_J,1s,54.28,1.15,44.57
310,7_Q,1s,54.26,1.75,43.99
311,8_Q,2osame,54.14,2.49,43.37
312,8_Q,2osame,54.13,2.49,43.38
313,8_Q,2odifferent,54.12,2.33,43.56
314,5_7,1s,54.08,0.56,45.36
315,7_8,1o,54.0,0.44,45.56
316,7_8,1o,54.0,0.44,45.56
317,6_T,2s,53.98,0.46,45.56
318,4_6,2s,53.91,0.53,45.57
319,6_9,1s,53.88,0.52,45.6
320,5_8,2s,53.84,0.5,45.66
321,8_Q,1o,53.8,2.4,43.8
322,8_Q,1o,53.8,2.4,43.8
323,7_T,1s,53.72,0.51,45.77
324,7_J,2s,53.61,1.08,45.3
325,6_K,2s,53.61,1.69,44.7
326,7_Q,2s,53.57,1.68,44.75
327,4_5,1s,53.53,0.61,45.85
328,5_7,2s,53.5,0.5,45.99
329,8_K,2osame,53.29,2.68,44.03
330,8_K,2osame,53.28,2.68,44.04
331,8_K,2odifferent,53.26,2.52,44.22
332,6_9,2s,53.25,0.46,46.29
333,5_6,1s,53.19,0.57,46.24
334,4_5,2s,53.08,0.56,46.36
335,7_T,2s,53.08,0.45,46.47
336,7_9,1s,52.98,0.51,46.52
337,8_K,1o,52.95,2.59,44.47
338,8_K,1o,52.95,2.59,44.46
339,5_6,2s,52.69,0.52,46.79
340,9_T,2odifferent,52.63,1.69,45.68
341,9_T,2osame,52.59,1.84,45.57
342,9_T,2osame,52.59,1.84,45.57
343,7_K,1s,52.44,2.35,45.21
344,7_9,2s,52.36,0.45,47.19
345,9_T,1o,52.29,1.75,45.96
346,9_T,1o,52.29,1.75,45.96
347,6_8,1s,52.28,0.52,47.2
348,9_J,2odifferent,51.96,2.33,45.72
349,9_J,2osame,51.92,2.49,45.59
350,9_J,2osame,51.92,2.49,45.59
351,6_7,1s,51.88,0.52,47.6
352,8_T,1s,51.86,1.13,47.0
353,8_J,1s,51.83,1.74,46.43
354,7_K,2s,51.76,2.27,45.96
355,8_9,1s,51.74,0.51,47.75
356,6_8,2s,51.68,0.46,47.85
357,9_J,1o,51.62,2.4,45.99
358,9_J,1o,51.62,2.4,45.99
359,7_8,1s,51.38,0.51,48.12
360,6_7,2s,51.34,0.47,48.19
361,8_T,2s,51.25,1.07,47.69
362,8_Q,1s,51.23,2.32,46.45
363,8_J,2s,51.19,1.67,47.14
364,8_9,2s,51.14,0.45,48.41
365,9_Q,2odifferent,51.11,2.51,46.39
366,9_Q,2osame,51.08,2.67,46.25
367,9_Q,2osame,51.07,2.67,46.26
368,7_8,2s,50.79,0.45,48.76
369,9_Q,1o,50.77,2.58,46.66
370,9_Q,1o,50.77,2.58,46.66
371,8_Q,2s,50.57,2.25,47.18
372,8_K,1s,50.44,2.5,47.05
373,9_K,2odifferent,50.38,2.41,47.21
374,9_K,2osame,50.36,2.57,47.07
375,9_K,2osame,50.35,2.57,47.07
376,9_K,1o,50.04,2.48,47.48
377,9_K,1o,50.04,2.48,47.48
378,9_T,1s,49.8,1.73,48.47
379,8_K,2s,49.77,2.43,47.81
380,9_T,2s,49.22,1.66,49.13
381,9_J,1s,49.18,2.33,48.49
382,9_J,2s,48.58,2.25,49.17
383,9_Q,1s,48.4,2.49,49.11
384,T_J,2odifferent,48.4,2.41,49.18
385,T_J,2osame,48.28,2.58,49.14
386,T_J,2osame,48.28,2.58,49.14
387,T_J,1o,48.02,2.48,49.5
388,T_J,1o,48.02,2.48,49.5
389,9_Q,2s,47.78,2.42,49.8
390,9_K,1s,47.74,2.4,49.86
391,T_Q,2odifferent,47.71,2.23,50.05
392,T_Q,2osame,47.6,2.39,50.01
393,T_Q,2osame,47.6,2.39,50.0
394,T_K,2odifferent,47.39,1.83,50.77
395,T_Q,1o,47.33,2.3,50.37
396,T_Q,1o,47.33,2.3,50.37
397,T_K,2osame,47.3,1.99,50.71
398,T_K,2osame,47.29,1.99,50.72
399,9_K,2s,47.1,2.33,50.58
400,T_K,1o,47.02,1.9,51.08
401,T_K,1o,47.02,1.9,51.08
402,2_2,2osame,46.88,0.73,52.39
403,Q_K,2odifferent,46.86,0.65,52.5
404,J_K,2odifferent,46.81,1.26,51.93
405,Q_K,2osame,46.77,0.78,52.45
406,Q_K,2osame,46.77,0.78,52.45
407,J_Q,2odifferent,46.72,1.66,51.62
408,J_K,2osame,46.71,1.41,51.88
409,J_K,2osame,46.71,1.41,51.89
410,J_Q,2osame,46.6,1.81,51.59
411,J_Q,2osame,46.6,1.81,51.59
412,2_2,1o,46.51,0.69,52.8
413,Q_K,1o,46.49,0.7,52.81
414,Q_K,1o,46.49,0.7,52.81
415,J_K,1o,46.43,1.32,52.25
416,J_K,1o,46.43,1.32,52.25
417,J_Q,1o,46.33,1.72,51.94
418,J_Q,1o,46.33,1.72,51.94
419,2_2,2odifferent,46.13,0.65,53.21
420,T_J,1s,45.83,2.41,51.77
421,T_J,2s,45.28,2.33,52.39
422,T_Q,1s,45.19,2.24,52.57
423,T_K,1s,44.91,1.86,53.23
424,T_Q,2s,44.63,2.16,53.21
425,Q_K,1s,44.41,0.75,54.85
426,J_K,1s,44.36,1.33,54.31
427,T_K,2s,44.32,1.79,53.88
428,J_Q,1s,44.26,1.7,54.04
429,Q_K,2s,43.81,0.69,55.5
430,J_K,2s,43.77,1.26,54.97
431,J_Q,2s,43.7,1.63,54.67
432,3_3,2odifferent,32.5,1.96,65.54
433,4_4,2odifferent,30.54,0.52,68.94
434,6_6,2odifferent,30.46,0.4,69.13
435,7_7,2odifferent,30.31,0.37,69.32
436,4_4,2osame,30.11,0.65,69.24
437,6_6,2osame,30.04,0.54,69.42
438,4_4,1o,29.97,0.58,69.45
439,9_9,2odifferent,29.92,0.35,69.73
440,5_5,2odifferent,29.91,0.47,69.63
441,7_7,2osame,29.9,0.5,69.6
442,6_6,1o,29.9,0.46,69.64
443,8_8,2odifferent,29.78,0.35,69.87
444,7_7,1o,29.76,0.42,69.82
445,9_9,2osame,29.52,0.49,69.99
446,5_5,2osame,29.47,0.6,69.93
447,9_9,1o,29.37,0.4,70.22
448,8_8,2osame,29.36,0.48,70.15
449,5_5,1o,29.34,0.52,70.14
450,8_8,1o,29.22,0.4,70.37
451,T_T,2odifferent,29.12,0.34,70.54
452,K_K,2odifferent,29.02,0.39,70.59
453,J_J,2odifferent,29.01,0.36,70.63
454,Q_Q,2odifferent,28.98,0.38,70.64
455,T_T,2osame,28.71,0.48,70.81
456,K_K,2osame,28.62,0.53,70.85
457,J_J,2osame,28.61,0.5,70.9
458,Q_Q,2osame,28.58,0.51,70.91
459,T_T,1o,28.57,0.4,71.03
460,K_K,1o,28.47,0.45,71.08
461,J_J,1o,28.46,0.41,71.12
462,Q_Q,1o,28.43,0.43,71.14
463,2_A,1o,28.03,50.54,21.43
464,2_A,2odifferent,27.99,49.88,22.13
465,2_A,2osame,27.45,51.19,21.36
466,2_A,1o,27.34,50.54,22.11
467,2_A,1s,26.93,47.73,25.34
468,2_A,2s,26.41,47.0,26.59
469,9_A,2odifferent,24.54,15.73,59.73
470,K_A,2odifferent,24.37,4.82,70.81
471,Q_A,2odifferent,24.33,5.98,69.7
472,J_A,2odifferent,24.29,7.98,67.74
473,T_A,2odifferent,24.24,10.78,64.97
474,6_A,2odifferent,24.18,35.73,40.09
475,7_A,2odifferent,24.14,28.17,47.69
476,8_A,2odifferent,24.1,21.13,54.77
477,9_A,1o,23.85,15.92,60.22
478,9_A,2osame,23.81,16.12,60.06
479,9_A,1o,23.8,15.91,60.28
480,K_A,1o,23.69,4.89,71.43
481,K_A,2osame,23.65,4.98,71.37
482,Q_A,1o,23.64,6.06,70.3
483,K_A,1o,23.63,4.89,71.48
484,J_A,1o,23.6,8.08,68.32
485,Q_A,2osame,23.6,6.16,70.23
486,Q_A,1o,23.59,6.06,70.35
487,J_A,2osame,23.56,8.21,68.24
488,T_A,1o,23.56,10.91,65.53
489,J_A,1o,23.55,8.08,68.37
490,T_A,2osame,23.51,11.06,65.42
491,T_A,1o,23.5,10.91,65.59
492,6_A,1o,23.49,36.19,40.32
493,7_A,1o,23.45,28.52,48.02
494,6_A,2osame,23.45,36.67,39.89
495,6_A,1o,23.44,36.18,40.37
496,8_A,1o,23.41,21.39,55.2
497,7_A,2osame,23.4,28.89,47.71
498,7_A,1o,23.4,28.52,48.08
499,8_A,1o,23.36,21.38,55.26
500,8_A,2osame,23.36,21.66,54.98
501,9_A,1s,23.28,15.23,61.49
502,K_A,1s,23.11,4.74,72.15
503,Q_A,1s,23.07,5.89,71.04
504,J_A,1s,23.03,7.82,69.14
505,T_A,1s,22.99,10.51,66.5
506,6_A,1s,22.94,34.28,42.77
507,9_A,2s,22.91,14.99,62.1
508,7_A,1s,22.9,27.1,50.0
509,8_A,1s,22.86,20.39,56.75
510,K_A,2s,22.76,4.62,72.61
511,Q_A,2s,22.72,5.76,71.52
512,J_A,2s,22.69,7.67,69.64
513,T_A,2s,22.65,10.33,67.02
514,6_A,2s,22.6,33.78,43.62
515,7_A,2s,22.56,26.69,50.75
516,8_A,2s,22.51,20.08,57.41
517,4_A,2odifferent,22.27,49.53,28.2
518,5_A,2odifferent,22.23,43.72,34.06
519,4_A,1o,21.55,50.21,28.25
520,5_A,1o,21.51,44.3,34.19
521,4_A,1o,21.5,50.2,28.3
522,4_A,2osame,21.48,50.87,27.64
523,5_A,1o,21.46,44.29,34.24
524,5_A,2osame,21.44,44.89,33.67
525,4_A,1s,21.14,47.42,31.45
526,5_A,1s,21.1,41.9,37.01
527,4_A,2s,20.9,46.69,32.4
528,5_A,2s,20.86,41.27,37.87
529,A_A,2odifferent,7.15,1.32,91.53
530,A_A,1o,6.24,1.39,92.37
531,3_A,2odifferent,2.15,95.71,2.15
532,3_A,2s,2.15,90.7,7.16
533,3_A,1o,1.09,97.11,1.8
534,3_A,2osame,0.74,98.52,0.74
