,vs_Hand,type,Equity_%,Draws_%,Loses_%
0,3_T,2osame,71.29,5.88,22.83
1,3_8,2osame,71.06,5.39,23.55
2,3_9,2osame,71.0,5.83,23.17
3,3_T,2odifferent,70.77,5.65,23.58
4,3_T,1o,70.71,5.76,23.53
5,3_8,2odifferent,70.55,5.17,24.28
6,3_9,2odifferent,70.49,5.59,23.92
7,3_8,1o,70.48,5.28,24.24
8,3_9,1o,70.43,5.71,23.86
9,2_3,2osame,70.26,5.95,23.79
10,2_3,1o,69.71,5.83,24.46
11,3_7,2osame,69.61,5.28,25.11
12,3_7,2odifferent,69.13,5.07,25.8
13,2_3,2odifferent,69.09,5.74,25.17
14,3_7,1o,69.05,5.18,25.77
15,3_6,2osame,68.5,5.18,26.31
16,3_6,2odifferent,68.07,4.97,26.96
17,3_6,1o,67.97,5.07,26.96
18,3_4,2osame,66.99,5.56,27.45
19,3_4,2odifferent,66.61,5.33,28.06
20,3_5,2osame,66.55,5.54,27.91
21,3_T,2s,66.52,5.47,28.01
22,3_4,1o,66.48,5.44,28.08
23,3_8,2s,66.28,5.03,28.69
24,3_9,2s,66.24,5.42,28.34
25,3_5,2odifferent,66.17,5.31,28.52
26,3_5,1o,66.04,5.42,28.54
27,2_3,2s,64.95,5.58,29.47
28,3_7,2s,64.95,4.95,30.1
29,3_6,2s,63.95,4.87,31.18
30,2_T,2osame,63.85,1.54,34.61
31,2_7,2osame,63.71,1.54,34.76
32,2_9,2osame,63.61,1.51,34.87
33,2_T,1o,63.38,1.46,35.17
34,2_8,2osame,63.26,1.52,35.21
35,2_7,1o,63.24,1.45,35.3
36,2_T,2osame,63.19,1.51,35.3
37,2_9,1o,63.15,1.43,35.42
38,2_7,2osame,63.05,1.51,35.44
39,2_6,2osame,62.97,1.54,35.49
40,2_9,2osame,62.96,1.49,35.55
41,2_T,2odifferent,62.9,1.42,35.68
42,2_8,1o,62.81,1.44,35.75
43,2_7,2odifferent,62.77,1.42,35.81
44,2_T,1o,62.72,1.48,35.8
45,2_9,2odifferent,62.68,1.4,35.93
46,2_8,2osame,62.61,1.5,35.89
47,3_4,2s,62.6,5.22,32.19
48,2_7,1o,62.59,1.47,35.94
49,2_6,1o,62.52,1.46,36.02
50,2_9,1o,62.49,1.45,36.06
51,2_8,2odifferent,62.34,1.41,36.25
52,2_6,2osame,62.31,1.52,36.17
53,3_5,2s,62.19,5.2,32.61
54,2_8,1o,62.15,1.46,36.39
55,2_6,2odifferent,62.06,1.42,36.52
56,2_6,1o,61.86,1.48,36.66
57,2_4,2osame,61.8,1.58,36.62
58,2_5,2osame,61.4,1.56,37.04
59,2_4,1o,61.37,1.51,37.11
60,2_4,2osame,61.14,1.57,37.3
61,2_5,1o,60.98,1.49,37.53
62,2_4,2odifferent,60.93,1.47,37.59
63,2_5,2osame,60.74,1.54,37.72
64,2_4,1o,60.71,1.53,37.76
65,2_5,2odifferent,60.54,1.45,38.01
66,2_5,1o,60.31,1.51,38.18
67,2_T,1s,59.78,1.44,38.78
68,2_7,1s,59.63,1.43,38.94
69,2_9,1s,59.56,1.41,39.03
70,2_8,1s,59.22,1.42,39.35
71,4_9,2osame,59.19,1.49,39.32
72,4_9,2osame,59.19,1.48,39.33
73,4_T,2osame,59.07,1.49,39.44
74,4_T,2osame,59.07,1.5,39.43
75,4_9,2odifferent,59.07,1.35,39.58
76,4_T,2odifferent,58.95,1.36,39.68
77,2_T,2s,58.91,1.38,39.72
78,2_6,1s,58.9,1.43,39.67
79,4_9,1o,58.81,1.41,39.79
80,4_9,1o,58.8,1.41,39.79
81,2_7,2s,58.76,1.37,39.87
82,4_T,1o,58.69,1.42,39.89
83,2_9,2s,58.69,1.35,39.96
84,4_T,1o,58.68,1.42,39.9
85,2_8,2s,58.36,1.36,40.28
86,2_6,2s,58.09,1.38,40.53
87,5_T,2osame,58.08,2.44,39.48
88,5_T,2osame,58.07,2.44,39.49
89,5_T,2odifferent,57.97,2.29,39.74
90,5_9,2osame,57.84,1.46,40.7
91,5_9,2osame,57.84,1.47,40.69
92,2_4,1s,57.76,1.48,40.76
93,5_9,2odifferent,57.75,1.33,40.91
94,5_T,1o,57.7,2.36,39.94
95,5_T,1o,57.69,2.36,39.95
96,4_8,2osame,57.58,1.49,40.94
97,4_8,2osame,57.57,1.5,40.93
98,4_8,2odifferent,57.5,1.36,41.14
99,5_9,1o,57.47,1.39,41.15
100,5_9,1o,57.47,1.39,41.14
101,2_5,1s,57.39,1.46,41.14
102,4_8,1o,57.21,1.42,41.37
103,4_8,1o,57.21,1.42,41.37
104,2_4,2s,57.06,1.42,41.51
105,4_7,2osame,56.95,1.49,41.56
106,4_7,2osame,56.95,1.5,41.55
107,4_7,2odifferent,56.89,1.37,41.74
108,2_5,2s,56.7,1.41,41.89
109,4_7,1o,56.6,1.42,41.98
110,4_7,1o,56.6,1.42,41.98
111,4_6,2osame,56.4,1.5,42.1
112,4_6,2osame,56.4,1.51,42.09
113,4_6,2odifferent,56.37,1.37,42.26
114,5_8,2osame,56.22,1.48,42.3
115,5_8,2osame,56.22,1.48,42.3
116,5_8,2odifferent,56.18,1.35,42.47
117,4_6,1o,56.06,1.43,42.51
118,4_6,1o,56.06,1.43,42.51
119,4_9,1s,55.89,1.4,42.71
120,5_8,1o,55.88,1.4,42.72
121,5_8,1o,55.88,1.4,42.72
122,4_T,1s,55.8,1.41,42.79
123,6_9,2osame,55.6,2.34,42.06
124,5_7,2osame,55.6,1.48,42.92
125,5_7,2osame,55.6,1.48,42.92
126,6_9,2osame,55.6,2.34,42.06
127,5_7,2odifferent,55.58,1.35,43.07
128,6_9,2odifferent,55.56,2.19,42.25
129,5_7,1o,55.27,1.4,43.33
130,5_7,1o,55.26,1.4,43.33
131,6_9,1o,55.26,2.25,42.49
132,6_9,1o,55.25,2.25,42.49
133,6_T,2osame,55.24,3.01,41.75
134,6_T,2osame,55.24,3.01,41.76
135,4_9,2s,55.21,1.34,43.44
136,6_T,2odifferent,55.19,2.85,41.97
137,4_T,2s,55.12,1.36,43.52
138,4_5,2odifferent,55.06,1.4,43.54
139,5_6,2osame,55.05,1.49,43.46
140,5_6,2osame,55.05,1.48,43.47
141,4_5,2osame,55.05,1.53,43.42
142,5_6,2odifferent,55.05,1.35,43.59
143,4_5,2osame,55.05,1.53,43.42
144,6_8,2osame,54.95,1.44,43.6
145,6_8,2osame,54.95,1.44,43.61
146,6_8,2odifferent,54.94,1.31,43.75
147,6_T,1o,54.89,2.91,42.2
148,6_T,1o,54.88,2.91,42.2
149,5_T,1s,54.87,2.29,42.83
150,4_5,1o,54.73,1.46,43.81
151,4_5,1o,54.73,1.46,43.81
152,5_6,1o,54.73,1.41,43.86
153,5_6,1o,54.72,1.41,43.87
154,6_7,2odifferent,54.64,1.31,44.05
155,5_9,1s,54.64,1.39,43.97
156,6_7,2osame,54.63,1.45,43.92
157,6_7,2osame,54.63,1.45,43.92
158,6_8,1o,54.62,1.36,44.01
159,6_8,1o,54.62,1.36,44.01
160,4_8,1s,54.39,1.41,44.2
161,6_7,1o,54.31,1.37,44.32
162,6_7,1o,54.31,1.37,44.32
163,5_T,2s,54.21,2.23,43.57
164,5_9,2s,54.0,1.33,44.67
165,4_7,1s,53.78,1.41,44.81
166,4_8,2s,53.74,1.35,44.91
167,4_6,1s,53.23,1.42,45.36
168,4_7,2s,53.19,1.36,45.45
169,5_8,1s,53.14,1.4,45.46
170,7_9,2odifferent,52.74,2.74,44.52
171,7_9,2osame,52.71,2.9,44.39
172,7_9,2osame,52.71,2.9,44.39
173,4_6,2s,52.7,1.36,45.94
174,7_8,2odifferent,52.63,2.16,45.21
175,7_8,2osame,52.58,2.31,45.11
176,6_9,1s,52.57,2.2,45.23
177,7_8,2osame,52.57,2.31,45.12
178,5_7,1s,52.53,1.4,46.07
179,5_8,2s,52.52,1.34,46.13
180,7_9,1o,52.4,2.81,44.8
181,7_9,1o,52.4,2.81,44.79
182,7_8,1o,52.28,2.22,45.5
183,7_8,1o,52.28,2.22,45.5
184,6_T,1s,52.25,2.81,44.93
185,7_T,2odifferent,51.99,3.18,44.83
186,5_6,1s,51.98,1.4,46.62
187,5_7,2s,51.98,1.35,46.68
188,6_8,1s,51.97,1.37,46.66
189,7_T,2osame,51.97,3.34,44.69
190,7_T,2osame,51.97,3.34,44.69
191,6_9,2s,51.95,2.13,45.92
192,4_5,1s,51.94,1.44,46.61
193,7_T,1o,51.65,3.25,45.1
194,7_T,1o,51.65,3.25,45.1
195,6_7,1s,51.64,1.37,47.0
196,6_T,2s,51.61,2.74,45.65
197,4_5,2s,51.52,1.39,47.09
198,5_6,2s,51.49,1.35,47.16
199,6_8,2s,51.36,1.31,47.33
200,6_7,2s,51.09,1.31,47.6
201,7_9,1s,49.91,2.71,47.38
202,7_8,1s,49.77,2.17,48.06
203,8_9,2odifferent,49.6,2.98,47.42
204,8_9,2osame,49.5,3.14,47.36
205,8_9,2osame,49.5,3.14,47.36
206,7_9,2s,49.31,2.64,48.04
207,7_T,1s,49.24,3.12,47.64
208,8_9,1o,49.22,3.05,47.73
209,8_9,1o,49.22,3.05,47.73
210,7_8,2s,49.19,2.1,48.71
211,8_T,2odifferent,48.66,3.19,48.15
212,7_T,2s,48.63,3.05,48.32
213,8_T,2osame,48.56,3.36,48.08
214,8_T,2osame,48.56,3.36,48.08
215,8_T,1o,48.28,3.26,48.46
216,8_T,1o,48.28,3.26,48.45
217,8_9,1s,46.94,2.94,50.13
218,8_9,2s,46.38,2.87,50.75
219,2_2,2osame,46.2,1.63,52.17
220,8_T,1s,46.09,3.14,50.78
221,2_2,1o,45.83,1.59,52.58
222,9_T,2odifferent,45.65,3.25,51.1
223,8_T,2s,45.52,3.06,51.42
224,9_T,2osame,45.49,3.42,51.09
225,9_T,2osame,45.49,3.42,51.09
226,2_2,2odifferent,45.46,1.55,52.99
227,9_T,1o,45.24,3.32,51.44
228,9_T,1o,45.24,3.32,51.44
229,9_T,1s,43.25,3.2,53.56
230,9_T,2s,42.72,3.12,54.16
231,2_K,1o,40.24,0.79,58.98
232,2_K,2odifferent,40.02,0.75,59.23
233,2_Q,1o,39.88,1.05,59.07
234,2_K,2osame,39.8,0.84,59.36
235,2_K,2osame,39.78,0.87,59.36
236,2_Q,2odifferent,39.67,1.01,59.32
237,2_K,1o,39.58,0.8,59.61
238,2_Q,2osame,39.44,1.1,59.46
239,2_Q,2osame,39.41,1.13,59.46
240,2_A,1o,39.37,0.55,60.08
241,2_Q,1o,39.23,1.06,59.71
242,2_A,2odifferent,39.16,0.51,60.32
243,2_A,2osame,38.91,0.61,60.49
244,2_A,2osame,38.89,0.63,60.48
245,2_A,1o,38.71,0.57,60.72
246,2_K,1s,38.08,0.8,61.11
247,2_Q,1s,37.77,1.05,61.18
248,2_K,2s,37.48,0.74,61.78
249,2_A,1s,37.2,0.58,62.22
250,2_Q,2s,37.17,0.99,61.84
251,6_A,2odifferent,36.73,0.41,62.87
252,2_A,2s,36.68,0.52,62.8
253,6_K,2odifferent,36.44,0.63,62.93
254,9_A,2odifferent,36.39,0.39,63.22
255,7_A,2odifferent,36.37,0.39,63.23
256,6_A,2osame,36.36,0.54,63.11
257,7_K,2odifferent,36.34,0.63,63.03
258,8_K,2odifferent,36.28,0.64,63.08
259,7_Q,2odifferent,36.28,0.9,62.82
260,6_A,1o,36.22,0.46,63.32
261,6_A,1o,36.21,0.46,63.33
262,4_K,2odifferent,36.11,0.69,63.19
263,6_Q,2odifferent,36.09,0.9,63.02
264,6_K,2osame,36.06,0.77,63.17
265,5_K,2odifferent,36.03,0.67,63.3
266,8_A,2odifferent,36.02,0.39,63.59
267,9_A,2osame,36.02,0.52,63.46
268,7_A,2osame,35.99,0.53,63.48
269,7_K,2osame,35.96,0.76,63.28
270,6_K,1o,35.93,0.69,63.38
271,6_K,1o,35.92,0.69,63.39
272,8_K,2osame,35.9,0.77,63.33
273,7_Q,2osame,35.89,1.04,63.07
274,9_A,1o,35.88,0.45,63.68
275,9_A,1o,35.88,0.45,63.68
276,7_A,1o,35.86,0.45,63.7
277,7_A,1o,35.86,0.45,63.69
278,7_K,1o,35.83,0.69,63.49
279,7_K,1o,35.82,0.69,63.49
280,8_K,1o,35.76,0.7,63.55
281,7_Q,1o,35.76,0.96,63.28
282,4_Q,2odifferent,35.76,0.95,63.29
283,7_Q,1o,35.76,0.96,63.29
284,8_K,1o,35.76,0.7,63.54
285,4_K,2osame,35.73,0.81,63.46
286,6_Q,2osame,35.7,1.03,63.28
287,6_A,2osame,35.68,0.54,63.78
288,5_Q,2odifferent,35.68,0.93,63.39
289,5_K,2osame,35.64,0.8,63.56
290,8_A,2osame,35.63,0.53,63.85
291,4_K,1o,35.6,0.75,63.65
292,4_K,1o,35.59,0.75,63.66
293,6_Q,1o,35.57,0.95,63.48
294,6_Q,1o,35.56,0.95,63.49
295,5_K,1o,35.51,0.73,63.76
296,5_K,1o,35.5,0.72,63.77
297,8_A,1o,35.5,0.45,64.05
298,8_A,1o,35.5,0.45,64.06
299,9_K,2odifferent,35.46,0.63,63.9
300,4_A,2odifferent,35.43,0.46,64.11
301,6_K,2osame,35.38,0.77,63.85
302,4_Q,2osame,35.36,1.07,63.56
303,5_A,2odifferent,35.35,0.44,64.22
304,9_A,2osame,35.34,0.53,64.13
305,7_A,2osame,35.32,0.53,64.16
306,7_K,2osame,35.28,0.77,63.95
307,5_Q,2osame,35.27,1.06,63.67
308,4_Q,1o,35.24,1.01,63.75
309,4_Q,1o,35.23,1.01,63.76
310,8_K,2osame,35.22,0.77,64.01
311,7_Q,2osame,35.21,1.04,63.75
312,5_Q,1o,35.15,0.99,63.86
313,5_Q,1o,35.15,0.98,63.87
314,9_K,2osame,35.06,0.77,64.18
315,4_K,2osame,35.05,0.83,64.13
316,8_Q,2odifferent,35.03,0.9,64.07
317,4_A,2osame,35.02,0.58,64.4
318,6_Q,2osame,35.02,1.03,63.96
319,5_K,2osame,34.96,0.8,64.24
320,8_A,2osame,34.95,0.53,64.52
321,9_K,1o,34.93,0.69,64.38
322,9_K,1o,34.93,0.69,64.38
323,5_A,2osame,34.93,0.56,64.51
324,4_A,1o,34.9,0.51,64.59
325,4_A,1o,34.9,0.51,64.59
326,T_A,2odifferent,34.89,0.4,64.71
327,5_A,1o,34.82,0.49,64.69
328,5_A,1o,34.81,0.49,64.7
329,6_A,1s,34.72,0.52,64.76
330,4_Q,2osame,34.68,1.09,64.23
331,8_Q,2osame,34.61,1.04,64.36
332,5_Q,2osame,34.59,1.06,64.34
333,8_Q,1o,34.49,0.96,64.56
334,8_Q,1o,34.49,0.96,64.55
335,T_A,2osame,34.47,0.53,65.0
336,6_K,1s,34.45,0.74,64.81
337,9_A,1s,34.44,0.51,65.05
338,7_A,1s,34.39,0.51,65.1
339,9_K,2osame,34.38,0.77,64.86
340,7_K,1s,34.37,0.74,64.89
341,T_A,1o,34.35,0.45,65.2
342,T_A,1o,34.35,0.45,65.2
343,4_A,2osame,34.34,0.59,65.07
344,7_Q,1s,34.33,0.99,64.68
345,8_K,1s,34.33,0.75,64.93
346,6_A,2s,34.29,0.47,65.24
347,5_A,2osame,34.25,0.57,65.18
348,9_Q,2odifferent,34.21,0.9,64.89
349,4_K,1s,34.14,0.78,65.08
350,6_Q,1s,34.13,0.98,64.88
351,8_A,1s,34.07,0.51,65.42
352,5_K,1s,34.06,0.77,65.17
353,6_K,2s,34.02,0.68,65.29
354,9_A,2s,34.0,0.45,65.55
355,7_A,2s,33.97,0.46,65.58
356,T_K,2odifferent,33.96,0.64,65.4
357,7_K,2s,33.93,0.68,65.38
358,8_Q,2osame,33.92,1.04,65.04
359,7_Q,2s,33.89,0.93,65.18
360,8_K,2s,33.87,0.69,65.44
361,4_Q,1s,33.83,1.03,65.15
362,T_A,2osame,33.79,0.53,65.68
363,9_Q,2osame,33.77,1.03,65.2
364,4_K,2s,33.74,0.72,65.54
365,5_Q,1s,33.74,1.02,65.24
366,6_Q,2s,33.71,0.93,65.36
367,9_Q,1o,33.66,0.95,65.39
368,5_K,2s,33.66,0.71,65.62
369,9_Q,1o,33.66,0.95,65.39
370,8_A,2s,33.64,0.46,65.91
371,9_K,1s,33.55,0.74,65.71
372,T_K,2osame,33.51,0.77,65.72
373,4_A,1s,33.44,0.56,66.0
374,4_Q,2s,33.43,0.97,65.6
375,T_K,1o,33.4,0.69,65.9
376,T_K,1o,33.4,0.69,65.91
377,5_A,1s,33.36,0.55,66.1
378,5_Q,2s,33.35,0.96,65.69
379,8_Q,1s,33.14,0.99,65.87
380,9_K,2s,33.13,0.68,66.2
381,4_A,2s,33.11,0.5,66.39
382,9_Q,2osame,33.08,1.03,65.89
383,5_A,2s,33.03,0.49,66.48
384,T_A,1s,33.01,0.52,66.47
385,T_K,2osame,32.82,0.77,66.41
386,8_Q,2s,32.72,0.94,66.35
387,T_Q,2odifferent,32.71,0.9,66.39
388,T_A,2s,32.61,0.46,66.93
389,9_Q,1s,32.36,0.99,66.65
390,K_A,2odifferent,32.27,0.43,67.3
391,T_Q,2osame,32.22,1.03,66.75
392,T_K,1s,32.13,0.74,67.13
393,T_Q,1o,32.13,0.95,66.91
394,T_Q,1o,32.13,0.95,66.91
395,9_Q,2s,31.97,0.93,67.1
396,Q_A,2odifferent,31.95,0.42,67.63
397,T_K,2s,31.74,0.68,67.58
398,K_A,1o,31.67,0.48,67.84
399,K_A,1o,31.67,0.48,67.84
400,T_Q,2osame,31.52,1.03,67.44
401,Q_A,1o,31.35,0.47,68.18
402,Q_A,1o,31.35,0.47,68.18
403,Q_K,2odifferent,31.21,0.66,68.13
404,3_3,2odifferent,31.16,2.97,65.87
405,K_A,2osame,31.05,0.56,68.38
406,K_A,2osame,31.05,0.56,68.39
407,T_Q,1s,30.94,0.99,68.07
408,Q_A,2osame,30.72,0.55,68.72
409,Q_A,2osame,30.71,0.55,68.73
410,Q_K,1o,30.59,0.72,68.69
411,Q_K,1o,30.59,0.72,68.69
412,T_Q,2s,30.59,0.93,68.48
413,4_4,2odifferent,30.5,1.22,68.28
414,K_A,1s,30.36,0.54,69.09
415,Q_A,1s,30.08,0.54,69.39
416,4_4,2osame,30.08,1.34,68.58
417,5_5,2odifferent,30.04,0.99,68.97
418,K_A,2s,30.02,0.48,69.49
419,Q_K,2osame,29.95,0.79,69.26
420,6_6,2odifferent,29.95,0.8,69.25
421,Q_K,2osame,29.94,0.79,69.26
422,4_4,1o,29.93,1.28,68.79
423,Q_A,2s,29.74,0.48,69.78
424,5_5,2osame,29.62,1.12,69.27
425,6_6,2osame,29.54,0.93,69.54
426,5_5,1o,29.48,1.04,69.48
427,6_6,1o,29.39,0.85,69.76
428,Q_K,1s,29.37,0.76,69.87
429,7_7,2odifferent,29.28,0.65,70.07
430,Q_K,2s,29.04,0.7,70.25
431,7_7,2osame,28.85,0.79,70.36
432,7_7,1o,28.72,0.71,70.58
433,8_8,2odifferent,28.34,0.54,71.12
434,2_J,1o,28.12,50.59,21.29
435,2_J,2odifferent,28.08,49.93,21.99
436,9_9,2odifferent,28.01,0.44,71.55
437,8_8,2osame,27.9,0.67,71.43
438,8_8,1o,27.77,0.59,71.64
439,9_9,2osame,27.57,0.58,71.85
440,2_J,2osame,27.54,51.24,21.22
441,9_9,1o,27.44,0.5,72.06
442,2_J,1o,27.44,50.59,21.97
443,T_T,2odifferent,27.26,0.39,72.35
444,2_J,1s,27.02,47.78,25.2
445,T_T,2osame,26.81,0.52,72.67
446,T_T,1o,26.68,0.44,72.88
447,2_J,2s,26.44,47.04,26.51
448,3_A,2odifferent,24.1,2.03,73.87
449,3_K,2odifferent,23.99,3.23,72.78
450,3_Q,2odifferent,23.6,4.28,72.12
451,3_A,1o,23.41,2.11,74.49
452,3_A,2osame,23.35,2.18,74.46
453,3_K,1o,23.3,3.31,73.38
454,3_K,2osame,23.25,3.4,73.35
455,3_Q,1o,22.9,4.38,72.72
456,3_Q,2osame,22.84,4.48,72.68
457,J_K,2odifferent,22.79,3.1,74.11
458,J_A,2odifferent,22.68,2.08,75.23
459,7_J,2odifferent,22.6,27.67,49.73
460,6_J,2odifferent,22.55,36.36,41.09
461,3_A,2s,22.54,1.99,75.47
462,J_Q,2odifferent,22.5,4.06,73.44
463,3_K,2s,22.46,3.13,74.42
464,9_J,2odifferent,22.45,15.25,62.29
465,8_J,2odifferent,22.31,20.56,57.14
466,T_J,2odifferent,22.16,11.04,66.8
467,4_J,2odifferent,22.14,49.55,28.31
468,3_Q,2s,22.11,4.15,73.74
469,5_J,2odifferent,22.1,43.72,34.18
470,J_K,1o,22.08,3.19,74.73
471,J_K,1o,22.03,3.19,74.78
472,J_A,1o,21.97,2.16,75.87
473,J_A,1o,21.92,2.16,75.92
474,7_J,1o,21.89,28.03,50.09
475,7_J,1o,21.84,28.02,50.14
476,6_J,1o,21.84,36.83,41.33
477,7_J,2osame,21.82,28.38,49.79
478,6_J,1o,21.79,36.82,41.38
479,J_Q,1o,21.78,4.16,74.05
480,6_J,2osame,21.77,37.31,40.91
481,9_J,1o,21.74,15.44,62.82
482,J_Q,1o,21.73,4.16,74.11
483,9_J,1o,21.69,15.44,62.87
484,9_J,2osame,21.67,15.64,62.68
485,J_K,1s,21.6,3.17,75.23
486,8_J,1o,21.59,20.81,57.6
487,8_J,1o,21.54,20.8,57.66
488,J_A,1s,21.52,2.15,76.34
489,8_J,2osame,21.52,21.08,57.4
490,T_J,1o,21.44,11.18,67.38
491,7_J,1s,21.43,26.63,51.93
492,4_J,1o,21.42,50.22,28.36
493,6_J,1s,21.4,34.89,43.71
494,T_J,1o,21.39,11.18,67.43
495,T_J,2osame,21.38,11.34,67.28
496,4_J,1o,21.38,50.21,28.41
497,5_J,1o,21.38,44.31,34.31
498,4_J,2osame,21.35,50.89,27.76
499,5_J,1o,21.33,44.3,34.37
500,5_J,2osame,21.31,44.89,33.8
501,J_Q,1s,21.31,4.14,74.55
502,J_K,2osame,21.29,3.3,75.41
503,J_K,2s,21.28,3.07,75.65
504,9_J,1s,21.27,14.8,63.93
505,J_A,2s,21.19,2.06,76.75
506,J_A,2osame,21.19,2.26,76.55
507,8_J,1s,21.14,19.86,59.0
508,7_J,2s,21.11,26.24,52.64
509,6_J,2s,21.08,34.37,44.55
510,J_Q,2s,21.01,4.02,74.97
511,4_J,1s,21.01,47.42,31.56
512,J_Q,2osame,20.99,4.29,74.73
513,T_J,1s,20.98,10.79,68.23
514,5_J,1s,20.97,41.89,37.13
515,9_J,2s,20.97,14.58,64.45
516,8_J,2s,20.83,19.56,59.61
517,4_J,2s,20.72,46.7,32.58
518,T_J,2s,20.7,10.61,68.69
519,5_J,2s,20.68,41.26,38.05
520,A_A,2odifferent,12.62,0.35,87.03
521,K_K,2odifferent,12.62,0.37,87.01
522,Q_Q,2odifferent,12.33,0.36,87.31
523,K_K,1o,11.82,0.42,87.75
524,A_A,1o,11.82,0.41,87.77
525,Q_Q,1o,11.53,0.41,88.05
526,A_A,2osame,11.0,0.49,88.52
527,K_K,2osame,11.0,0.5,88.5
528,Q_Q,2osame,10.7,0.49,88.81
529,J_J,2odifferent,5.69,2.59,91.73
530,J_J,1o,4.76,2.67,92.57
531,3_J,2s,2.15,90.7,7.16
532,3_J,2odifferent,2.15,95.71,2.15
533,3_J,1o,1.09,97.11,1.79
534,3_J,2osame,0.74,98.52,0.74
