,vs_Hand,type,Equity_%,Draws_%,Loses_%
0,2_4,1o,86.62,6.12,7.26
1,2_3,2osame,86.3,3.79,9.91
2,2_3,2osame,86.3,3.79,9.91
3,2_4,2odifferent,85.81,6.06,8.14
4,2_3,1o,85.55,3.73,10.72
5,2_3,1o,85.55,3.75,10.7
6,3_4,1o,84.84,5.98,9.18
7,2_3,2odifferent,84.79,3.69,11.51
8,3_4,2odifferent,84.05,5.9,10.06
9,2_3,1s,82.02,3.56,14.42
10,2_4,2s,81.44,5.76,12.8
11,2_3,2s,80.83,3.5,15.67
12,2_2,2osame,79.83,3.81,16.36
13,3_3,2osame,79.8,3.79,16.41
14,3_4,2s,79.8,5.64,14.56
15,2_2,1o,79.18,3.77,17.05
16,3_3,1o,79.14,3.74,17.12
17,2_2,2odifferent,78.52,3.73,17.75
18,3_3,2odifferent,78.48,3.68,17.83
19,2_7,1o,69.79,2.39,27.83
20,2_K,1o,69.75,0.82,29.43
21,2_6,1o,69.67,2.68,27.65
22,2_A,1o,69.64,0.59,29.78
23,2_7,2osame,69.59,2.45,27.96
24,2_7,2osame,69.59,2.45,27.96
25,2_K,2osame,69.56,0.88,29.56
26,2_K,2osame,69.56,0.88,29.56
27,3_K,1o,69.56,0.81,29.63
28,2_6,2osame,69.47,2.75,27.79
29,2_6,2osame,69.47,2.75,27.79
30,3_A,1o,69.45,0.58,29.97
31,2_A,2osame,69.44,0.65,29.91
32,2_A,2osame,69.44,0.65,29.91
33,2_5,1o,69.38,3.0,27.62
34,3_K,2osame,69.37,0.88,29.76
35,2_Q,1o,69.37,1.05,29.59
36,3_K,2osame,69.37,0.88,29.76
37,2_7,2odifferent,69.26,2.35,28.39
38,3_A,2osame,69.24,0.65,30.11
39,3_A,2osame,69.24,0.65,30.11
40,2_K,2odifferent,69.23,0.78,29.99
41,3_Q,1o,69.18,1.04,29.78
42,2_Q,2osame,69.17,1.11,29.72
43,2_Q,2osame,69.17,1.11,29.72
44,2_5,2osame,69.16,3.07,27.77
45,2_5,2osame,69.16,3.07,27.77
46,2_6,2odifferent,69.16,2.64,28.2
47,2_A,2odifferent,69.12,0.55,30.33
48,3_8,1o,69.09,2.09,28.81
49,2_8,1o,69.08,2.09,28.82
50,2_7,1o,69.07,2.42,28.52
51,3_K,2odifferent,69.05,0.75,30.2
52,2_K,1o,69.04,0.85,30.12
53,2_J,1o,68.98,1.28,29.74
54,3_7,1o,68.98,2.38,28.64
55,3_Q,2osame,68.97,1.11,29.92
56,3_Q,2osame,68.97,1.11,29.92
57,2_6,1o,68.95,2.71,28.34
58,3_A,2odifferent,68.94,0.52,30.54
59,2_A,1o,68.92,0.62,30.46
60,3_8,2osame,68.89,2.16,28.95
61,3_8,2osame,68.89,2.16,28.95
62,2_8,2osame,68.88,2.16,28.96
63,2_8,2osame,68.88,2.16,28.96
64,2_5,2odifferent,68.87,2.97,28.16
65,3_6,1o,68.87,2.67,28.46
66,3_K,1o,68.85,0.82,30.33
67,2_Q,2odifferent,68.85,1.01,30.14
68,3_J,1o,68.79,1.28,29.93
69,2_J,2osame,68.77,1.35,29.88
70,2_J,2osame,68.77,1.35,29.88
71,3_7,2osame,68.76,2.45,28.79
72,3_7,2osame,68.76,2.45,28.79
73,3_A,1o,68.73,0.59,30.68
74,3_Q,2odifferent,68.66,0.98,30.35
75,2_Q,1o,68.65,1.08,30.27
76,2_5,1o,68.65,3.03,28.32
77,3_6,2osame,68.64,2.74,28.62
78,3_6,2osame,68.64,2.74,28.62
79,2_T,1o,68.59,1.53,29.88
80,3_8,2odifferent,68.58,2.04,29.38
81,2_9,1o,68.58,1.82,29.61
82,3_J,2osame,68.58,1.34,30.08
83,3_J,2osame,68.58,1.34,30.08
84,2_8,2odifferent,68.57,2.06,29.37
85,3_5,1o,68.57,3.0,28.44
86,3_7,2odifferent,68.47,2.33,29.2
87,2_J,2odifferent,68.47,1.25,30.29
88,3_Q,1o,68.46,1.05,30.49
89,3_T,1o,68.4,1.52,30.08
90,3_9,1o,68.39,1.81,29.8
91,2_T,2osame,68.38,1.59,30.03
92,2_T,2osame,68.38,1.59,30.03
93,3_8,1o,68.37,2.11,29.52
94,3_6,2odifferent,68.37,2.62,29.02
95,2_8,1o,68.36,2.13,29.51
96,2_9,2osame,68.36,1.88,29.75
97,2_9,2osame,68.36,1.88,29.75
98,3_5,2osame,68.33,3.06,28.61
99,3_5,2osame,68.33,3.06,28.61
100,3_J,2odifferent,68.28,1.22,30.5
101,3_7,1o,68.26,2.39,29.35
102,2_J,1o,68.26,1.31,30.42
103,3_T,2osame,68.19,1.59,30.23
104,3_T,2osame,68.19,1.59,30.23
105,3_9,2osame,68.17,1.88,29.95
106,3_9,2osame,68.17,1.88,29.95
107,3_6,1o,68.14,2.69,29.17
108,2_T,2odifferent,68.08,1.49,30.43
109,3_5,2odifferent,68.08,2.94,28.98
110,2_9,2odifferent,68.07,1.78,30.15
111,3_J,1o,68.07,1.29,30.64
112,3_T,2odifferent,67.9,1.46,30.63
113,3_9,2odifferent,67.89,1.76,30.36
114,2_T,1o,67.87,1.56,30.57
115,2_9,1o,67.86,1.85,30.29
116,3_5,1o,67.84,3.01,29.15
117,3_T,1o,67.69,1.53,30.78
118,3_9,1o,67.67,1.82,30.51
119,4_K,2odifferent,66.98,2.66,30.35
120,4_K,1o,66.77,2.76,30.47
121,4_Q,2odifferent,66.6,2.89,30.5
122,4_Q,1o,66.39,2.99,30.62
123,4_9,2odifferent,66.28,3.22,30.51
124,4_J,2odifferent,66.22,3.13,30.65
125,2_7,1s,66.19,2.33,31.48
126,2_K,1s,66.15,0.84,33.0
127,2_6,1s,66.06,2.6,31.34
128,4_9,1o,66.05,3.3,30.64
129,2_A,1s,66.02,0.63,33.35
130,4_J,1o,66.0,3.23,30.77
131,3_K,1s,65.96,0.84,33.2
132,4_A,2odifferent,65.88,2.33,31.79
133,4_T,2odifferent,65.84,3.38,30.79
134,3_A,1s,65.83,0.62,33.55
135,2_Q,1s,65.79,1.06,33.15
136,2_5,1s,65.75,2.91,31.34
137,4_A,1o,65.65,2.42,31.93
138,2_7,2s,65.64,2.26,32.1
139,4_T,1o,65.61,3.47,30.92
140,3_Q,1s,65.6,1.06,33.34
141,2_K,2s,65.58,0.77,33.65
142,2_6,2s,65.55,2.53,31.92
143,3_8,1s,65.54,2.05,32.41
144,2_8,1s,65.53,2.05,32.42
145,2_A,2s,65.49,0.55,33.96
146,2_J,1s,65.43,1.29,33.28
147,3_K,2s,65.42,0.77,33.82
148,3_7,1s,65.4,2.32,32.28
149,3_A,2s,65.32,0.55,34.13
150,2_5,2s,65.29,2.84,31.87
151,3_6,1s,65.27,2.6,32.13
152,3_J,1s,65.24,1.28,33.48
153,2_Q,2s,65.23,0.99,33.78
154,4_8,2odifferent,65.2,3.39,31.41
155,2_T,1s,65.07,1.52,33.41
156,3_Q,2s,65.06,0.98,33.95
157,2_9,1s,65.05,1.79,33.16
158,3_8,2s,65.0,1.98,33.02
159,2_8,2s,64.99,1.98,33.03
160,3_5,1s,64.96,2.9,32.14
161,4_8,1o,64.96,3.47,31.57
162,3_7,2s,64.9,2.25,32.85
163,3_T,1s,64.88,1.51,33.61
164,2_J,2s,64.87,1.21,33.91
165,3_9,1s,64.87,1.79,33.35
166,3_6,2s,64.81,2.53,32.67
167,3_J,2s,64.71,1.21,34.08
168,3_5,2s,64.55,2.83,32.62
169,2_T,2s,64.52,1.45,34.03
170,2_9,2s,64.51,1.72,33.77
171,3_T,2s,64.36,1.44,34.2
172,3_9,2s,64.34,1.72,33.94
173,4_7,2odifferent,64.11,3.55,32.34
174,4_7,1o,63.85,3.64,32.51
175,4_6,2odifferent,63.01,3.73,33.27
176,4_K,2s,63.0,2.56,34.44
177,4_6,1o,62.73,3.82,33.45
178,4_Q,2s,62.65,2.78,34.57
179,4_9,2s,62.35,3.09,34.56
180,4_J,2s,62.3,3.0,34.7
181,4_A,2s,61.98,2.26,35.77
182,4_T,2s,61.94,3.23,34.82
183,4_5,2odifferent,61.47,4.39,34.14
184,4_8,2s,61.35,3.27,35.39
185,4_5,1o,61.17,4.49,34.35
186,4_7,2s,60.33,3.44,36.23
187,4_6,2s,59.3,3.62,37.07
188,4_5,2s,57.87,4.26,37.87
189,6_A,2odifferent,55.5,0.44,44.06
190,5_K,2odifferent,55.28,0.65,44.07
191,6_A,1o,55.08,0.51,44.41
192,6_A,1o,55.08,0.51,44.41
193,5_Q,2odifferent,54.94,0.82,44.24
194,5_K,1o,54.86,0.71,44.43
195,7_A,2odifferent,54.85,0.43,44.73
196,6_K,2odifferent,54.85,0.61,44.54
197,5_K,1o,54.85,0.71,44.43
198,5_A,2odifferent,54.83,0.48,44.69
199,6_A,2osame,54.67,0.57,44.76
200,6_A,2osame,54.67,0.57,44.76
201,5_J,2odifferent,54.6,1.0,44.4
202,5_T,2odifferent,54.6,1.2,44.2
203,5_Q,1o,54.52,0.89,44.6
204,6_J,2odifferent,54.51,0.97,44.52
205,5_Q,1o,54.51,0.88,44.61
206,6_Q,2odifferent,54.51,0.78,44.71
207,7_K,2odifferent,54.43,0.6,44.97
208,7_Q,2odifferent,54.43,0.78,44.78
209,6_K,1o,54.43,0.67,44.9
210,8_A,2odifferent,54.43,0.42,45.15
211,5_K,2osame,54.43,0.78,44.79
212,5_K,2osame,54.43,0.78,44.79
213,7_A,1o,54.42,0.49,45.09
214,7_A,1o,54.42,0.49,45.09
215,6_K,1o,54.42,0.67,44.91
216,5_A,1o,54.39,0.54,45.06
217,5_A,1o,54.39,0.54,45.07
218,8_K,2odifferent,54.36,0.6,45.04
219,9_A,2odifferent,54.31,0.42,45.26
220,K_A,2odifferent,54.21,0.44,45.35
221,5_T,1o,54.17,1.26,44.57
222,5_J,1o,54.17,1.06,44.76
223,5_T,1o,54.16,1.26,44.58
224,5_J,1o,54.16,1.06,44.77
225,6_Q,1o,54.08,0.85,45.07
226,5_Q,2osame,54.08,0.95,44.96
227,6_J,1o,54.08,1.04,44.88
228,6_J,1o,54.08,1.04,44.89
229,6_Q,1o,54.08,0.84,45.08
230,5_Q,2osame,54.08,0.95,44.96
231,7_A,2osame,54.0,0.56,45.45
232,8_A,1o,54.0,0.48,45.51
233,6_K,2osame,54.0,0.74,45.26
234,7_A,2osame,54.0,0.56,45.45
235,7_Q,1o,54.0,0.85,45.15
236,7_K,1o,54.0,0.66,45.33
237,7_Q,1o,54.0,0.85,45.15
238,8_A,1o,54.0,0.48,45.51
239,7_K,1o,54.0,0.66,45.34
240,6_K,2osame,54.0,0.74,45.26
241,5_A,2osame,53.95,0.61,45.44
242,5_A,2osame,53.95,0.61,45.44
243,8_K,1o,53.93,0.67,45.4
244,8_K,1o,53.93,0.67,45.4
245,9_A,1o,53.88,0.49,45.63
246,9_A,1o,53.88,0.49,45.63
247,Q_A,2odifferent,53.87,0.42,45.7
248,K_A,1o,53.78,0.5,45.72
249,K_A,1o,53.78,0.5,45.72
250,5_T,2osame,53.73,1.33,44.94
251,5_T,2osame,53.73,1.33,44.94
252,5_J,2osame,53.73,1.13,45.14
253,5_J,2osame,53.73,1.13,45.14
254,6_J,2osame,53.65,1.1,45.25
255,6_Q,2osame,53.65,0.91,45.44
256,6_Q,2osame,53.65,0.91,45.44
257,6_J,2osame,53.65,1.1,45.25
258,7_Q,2osame,53.57,0.92,45.51
259,8_A,2osame,53.57,0.55,45.88
260,7_Q,2osame,53.57,0.92,45.51
261,7_K,2osame,53.57,0.73,45.7
262,7_K,2osame,53.57,0.73,45.7
263,8_A,2osame,53.57,0.55,45.88
264,J_A,2odifferent,53.53,0.41,46.06
265,8_K,2osame,53.5,0.74,45.77
266,8_K,2osame,53.5,0.74,45.77
267,9_A,2osame,53.45,0.56,45.99
268,9_A,2osame,53.45,0.56,45.99
269,Q_A,1o,53.44,0.49,46.07
270,Q_A,1o,53.43,0.49,46.08
271,K_A,2osame,53.35,0.57,46.08
272,K_A,2osame,53.35,0.57,46.08
273,6_T,2odifferent,53.33,1.16,45.51
274,5_9,2odifferent,53.29,1.42,45.29
275,7_J,2odifferent,53.26,0.96,45.78
276,T_A,2odifferent,53.19,0.4,46.41
277,8_Q,2odifferent,53.18,0.78,46.04
278,5_8,2odifferent,53.15,1.64,45.21
279,J_A,1o,53.09,0.48,46.43
280,J_A,1o,53.09,0.48,46.43
281,9_K,2odifferent,53.06,0.6,46.34
282,Q_A,2osame,53.0,0.56,46.44
283,Q_A,2osame,53.0,0.56,46.44
284,6_T,1o,52.89,1.23,45.89
285,6_T,1o,52.88,1.22,45.9
286,5_9,1o,52.84,1.49,45.67
287,5_9,1o,52.83,1.49,45.67
288,7_J,1o,52.81,1.03,46.16
289,7_J,1o,52.81,1.03,46.16
290,T_A,1o,52.75,0.46,46.79
291,T_A,1o,52.75,0.46,46.79
292,5_7,2odifferent,52.74,1.85,45.4
293,8_Q,1o,52.73,0.84,46.42
294,8_Q,1o,52.73,0.84,46.42
295,5_8,1o,52.69,1.7,45.61
296,5_8,1o,52.69,1.7,45.6
297,J_A,2osame,52.65,0.54,46.81
298,J_A,2osame,52.65,0.54,46.81
299,Q_K,2odifferent,52.62,0.59,46.79
300,9_K,1o,52.61,0.67,46.72
301,9_K,1o,52.61,0.67,46.72
302,6_A,1s,52.55,0.57,46.88
303,6_T,2osame,52.43,1.29,46.27
304,6_T,2osame,52.43,1.29,46.27
305,5_9,2osame,52.39,1.56,46.06
306,5_9,2osame,52.39,1.56,46.06
307,7_J,2osame,52.36,1.1,46.54
308,7_J,2osame,52.36,1.1,46.54
309,5_K,1s,52.33,0.76,46.91
310,T_A,2osame,52.3,0.53,47.17
311,T_A,2osame,52.3,0.53,47.17
312,5_6,2odifferent,52.29,2.08,45.63
313,8_Q,2osame,52.29,0.91,46.8
314,8_Q,2osame,52.29,0.91,46.8
315,J_K,2odifferent,52.28,0.58,47.14
316,5_7,1o,52.27,1.92,45.81
317,5_7,1o,52.27,1.92,45.81
318,5_8,2osame,52.23,1.77,46.0
319,5_8,2osame,52.23,1.77,46.0
320,6_A,2s,52.22,0.5,47.28
321,9_K,2osame,52.17,0.73,47.1
322,9_K,2osame,52.17,0.73,47.1
323,Q_K,1o,52.16,0.66,47.18
324,Q_K,1o,52.16,0.66,47.18
325,7_T,2odifferent,52.08,1.14,46.78
326,6_9,2odifferent,52.02,1.38,46.6
327,5_K,2s,52.02,0.69,47.29
328,5_Q,1s,52.01,0.92,47.07
329,8_J,2odifferent,52.0,0.95,47.05
330,T_K,2odifferent,51.94,0.56,47.5
331,7_A,1s,51.92,0.56,47.52
332,6_K,1s,51.92,0.73,47.35
333,9_Q,2odifferent,51.88,0.77,47.35
334,6_8,2odifferent,51.88,1.58,46.53
335,5_A,1s,51.86,0.6,47.55
336,J_K,1o,51.82,0.64,47.53
337,J_K,1o,51.82,0.64,47.53
338,5_6,1o,51.81,2.15,46.05
339,5_6,1o,51.81,2.15,46.05
340,5_7,2osame,51.8,1.99,46.21
341,5_7,2osame,51.8,1.99,46.21
342,Q_K,2osame,51.71,0.73,47.56
343,5_Q,2s,51.71,0.85,47.44
344,Q_K,2osame,51.71,0.73,47.56
345,5_T,1s,51.69,1.28,47.03
346,5_J,1s,51.69,1.09,47.22
347,7_T,1o,51.61,1.21,47.18
348,7_T,1o,51.61,1.21,47.17
349,6_Q,1s,51.6,0.89,47.51
350,6_K,2s,51.6,0.66,47.74
351,6_J,1s,51.6,1.07,47.33
352,7_A,2s,51.6,0.49,47.91
353,5_A,2s,51.59,0.53,47.88
354,6_9,1o,51.55,1.45,47.0
355,6_9,1o,51.55,1.45,47.0
356,8_J,1o,51.54,1.02,47.44
357,8_J,1o,51.54,1.02,47.45
358,7_Q,1s,51.53,0.89,47.57
359,7_K,1s,51.53,0.72,47.75
360,8_A,1s,51.53,0.55,47.92
361,T_K,1o,51.48,0.63,47.89
362,T_K,1o,51.48,0.63,47.89
363,6_7,2odifferent,51.47,1.79,46.73
364,8_K,1s,51.46,0.73,47.81
365,9_Q,1o,51.42,0.83,47.75
366,9_A,1s,51.42,0.56,48.02
367,9_Q,1o,51.42,0.83,47.75
368,6_8,1o,51.41,1.65,46.95
369,6_8,1o,51.41,1.65,46.94
370,5_T,2s,51.39,1.21,47.4
371,5_J,2s,51.39,1.02,47.58
372,J_K,2osame,51.36,0.71,47.93
373,J_K,2osame,51.36,0.71,47.93
374,5_6,2osame,51.32,2.21,46.47
375,K_A,1s,51.32,0.56,48.12
376,5_6,2osame,51.32,2.21,46.47
377,6_J,2s,51.29,1.0,47.71
378,6_Q,2s,51.29,0.82,47.89
379,8_A,2s,51.2,0.48,48.32
380,7_Q,2s,51.2,0.82,47.97
381,7_K,2s,51.2,0.65,48.15
382,7_T,2osame,51.15,1.28,47.57
383,7_T,2osame,51.15,1.28,47.57
384,8_K,2s,51.12,0.65,48.23
385,J_Q,2odifferent,51.1,0.74,48.16
386,6_9,2osame,51.09,1.51,47.4
387,6_9,2osame,51.09,1.51,47.4
388,9_A,2s,51.08,0.48,48.44
389,8_J,2osame,51.07,1.08,47.84
390,8_J,2osame,51.07,1.08,47.84
391,T_K,2osame,51.01,0.7,48.29
392,T_K,2osame,51.01,0.7,48.29
393,Q_A,1s,51.0,0.55,48.45
394,6_7,1o,50.99,1.86,47.16
395,6_7,1o,50.99,1.86,47.15
396,K_A,2s,50.98,0.49,48.53
397,9_Q,2osame,50.95,0.9,48.15
398,9_Q,2osame,50.95,0.9,48.15
399,6_8,2osame,50.93,1.72,47.35
400,6_8,2osame,50.93,1.72,47.35
401,8_T,2odifferent,50.82,1.12,48.05
402,7_9,2odifferent,50.77,1.36,47.88
403,T_Q,2odifferent,50.76,0.72,48.52
404,9_J,2odifferent,50.71,0.93,48.36
405,J_A,1s,50.68,0.54,48.78
406,Q_A,2s,50.67,0.48,48.85
407,7_8,2odifferent,50.63,1.55,47.82
408,J_Q,1o,50.63,0.8,48.57
409,J_Q,1o,50.63,0.8,48.57
410,6_7,2osame,50.5,1.93,47.58
411,6_7,2osame,50.5,1.93,47.58
412,6_T,1s,50.49,1.25,48.27
413,5_9,1s,50.44,1.49,48.06
414,7_J,1s,50.42,1.07,48.52
415,J_A,2s,50.36,0.47,49.17
416,T_A,1s,50.36,0.53,49.11
417,8_Q,1s,50.34,0.89,48.76
418,8_T,1o,50.34,1.19,48.47
419,8_T,1o,50.34,1.19,48.47
420,7_9,1o,50.28,1.42,48.29
421,7_9,1o,50.28,1.42,48.29
422,T_Q,1o,50.28,0.79,48.93
423,5_8,1s,50.28,1.69,48.03
424,T_Q,1o,50.28,0.79,48.93
425,9_K,1s,50.23,0.72,49.05
426,9_J,1o,50.22,1.0,48.78
427,9_J,1o,50.22,1.0,48.78
428,6_T,2s,50.2,1.18,48.62
429,5_9,2s,50.16,1.42,48.41
430,J_Q,2osame,50.15,0.87,48.98
431,J_Q,2osame,50.15,0.87,48.98
432,7_8,1o,50.14,1.62,48.25
433,7_8,1o,50.14,1.62,48.24
434,7_J,2s,50.12,0.99,48.89
435,T_A,2s,50.05,0.46,49.5
436,5_8,2s,50.04,1.62,48.34
437,8_Q,2s,50.03,0.82,49.15
438,9_K,2s,49.9,0.65,49.45
439,8_T,2osame,49.86,1.26,48.88
440,8_T,2osame,49.86,1.26,48.88
441,5_7,1s,49.85,1.9,48.25
442,Q_K,1s,49.81,0.71,49.48
443,T_Q,2osame,49.8,0.86,49.34
444,T_Q,2osame,49.8,0.86,49.34
445,7_9,2osame,49.8,1.49,48.71
446,7_9,2osame,49.8,1.49,48.71
447,9_J,2osame,49.74,1.06,49.19
448,9_J,2osame,49.74,1.06,49.19
449,7_8,2osame,49.65,1.68,48.67
450,7_8,2osame,49.65,1.68,48.67
451,5_7,2s,49.65,1.83,48.52
452,T_J,2odifferent,49.58,0.88,49.54
453,9_T,2odifferent,49.53,1.09,49.38
454,Q_K,2s,49.5,0.63,49.87
455,J_K,1s,49.49,0.7,49.81
456,8_9,2odifferent,49.47,1.33,49.2
457,5_6,1s,49.38,2.11,48.51
458,7_T,1s,49.3,1.24,49.47
459,6_9,1s,49.24,1.45,49.31
460,8_J,1s,49.23,1.05,49.72
461,5_6,2s,49.22,2.04,48.74
462,J_K,2s,49.18,0.62,50.19
463,T_K,1s,49.17,0.69,50.14
464,9_Q,1s,49.11,0.88,50.01
465,T_J,1o,49.09,0.95,49.97
466,T_J,1o,49.09,0.95,49.97
467,6_8,1s,49.08,1.64,49.28
468,9_T,1o,49.03,1.16,49.81
469,9_T,1o,49.03,1.16,49.81
470,7_T,2s,49.03,1.16,49.8
471,6_9,2s,48.97,1.39,49.64
472,8_9,1o,48.97,1.39,49.64
473,8_9,1o,48.97,1.39,49.64
474,8_J,2s,48.94,0.98,50.07
475,T_K,2s,48.87,0.61,50.51
476,6_8,2s,48.85,1.58,49.57
477,9_Q,2s,48.82,0.8,50.38
478,6_7,1s,48.65,1.84,49.51
479,T_J,2osame,48.59,1.01,50.4
480,T_J,2osame,48.59,1.01,50.4
481,9_T,2osame,48.53,1.23,50.24
482,9_T,2osame,48.53,1.23,50.24
483,8_9,2osame,48.47,1.46,50.07
484,8_9,2osame,48.47,1.46,50.07
485,6_7,2s,48.46,1.77,49.76
486,J_Q,1s,48.37,0.85,50.78
487,8_T,1s,48.11,1.22,50.67
488,J_Q,2s,48.1,0.77,51.13
489,7_9,1s,48.05,1.44,50.51
490,T_Q,1s,48.05,0.84,51.11
491,9_J,1s,47.99,1.03,50.97
492,7_8,1s,47.89,1.62,50.49
493,8_T,2s,47.86,1.14,51.0
494,7_9,2s,47.8,1.36,50.83
495,T_Q,2s,47.79,0.76,51.45
496,9_J,2s,47.73,0.96,51.31
497,7_8,2s,47.67,1.55,50.78
498,T_J,1s,46.93,0.99,52.08
499,9_T,1s,46.88,1.19,51.94
500,8_9,1s,46.82,1.41,51.77
501,T_J,2s,46.7,0.91,52.39
502,9_T,2s,46.64,1.11,52.24
503,8_9,2s,46.59,1.34,52.08
504,K_K,2odifferent,19.54,0.38,80.07
505,Q_Q,2odifferent,19.52,0.37,80.11
506,J_J,2odifferent,19.49,0.39,80.13
507,T_T,2odifferent,19.46,0.45,80.09
508,A_A,2odifferent,19.15,0.38,80.47
509,8_8,2odifferent,19.06,0.93,80.01
510,9_9,2odifferent,19.04,0.64,80.32
511,K_K,1o,18.85,0.45,80.7
512,Q_Q,1o,18.82,0.44,80.74
513,J_J,1o,18.79,0.45,80.75
514,T_T,1o,18.76,0.52,80.72
515,7_7,2odifferent,18.72,1.34,79.94
516,A_A,1o,18.45,0.45,81.1
517,8_8,1o,18.36,1.0,80.64
518,9_9,1o,18.33,0.71,80.96
519,6_6,2odifferent,18.33,1.9,79.77
520,K_K,2osame,18.16,0.52,81.32
521,Q_Q,2osame,18.13,0.51,81.37
522,J_J,2osame,18.1,0.52,81.38
523,T_T,2osame,18.07,0.58,81.35
524,7_7,1o,18.01,1.41,80.58
525,5_5,2odifferent,17.88,2.68,79.44
526,A_A,2osame,17.75,0.52,81.74
527,8_8,2osame,17.66,1.06,81.28
528,9_9,2osame,17.63,0.78,81.59
529,6_6,1o,17.61,1.97,80.42
530,7_7,2osame,17.3,1.47,81.22
531,5_5,1o,17.15,2.74,80.1
532,6_6,2osame,16.89,2.04,81.07
533,5_5,2osame,16.43,2.81,80.76
534,4_4,2odifferent,2.15,95.71,2.15
