,vs_Hand,type,Equity_%,Draws_%,Loses_%
0,2_3,2osame,56.25,13.51,30.24
1,2_3,2osame,56.25,13.51,30.24
2,2_3,1o,55.8,13.37,30.83
3,2_3,1o,55.8,13.35,30.85
4,2_3,2odifferent,55.35,13.22,31.44
5,2_3,1s,53.41,12.48,34.11
6,2_5,2osame,53.28,13.64,33.08
7,2_5,1o,52.89,13.47,33.65
8,2_5,2osame,52.59,13.63,33.77
9,2_5,2odifferent,52.49,13.33,34.19
10,2_5,1o,52.2,13.5,34.3
11,2_3,2s,52.11,12.32,35.57
12,3_5,2osame,51.93,13.63,34.44
13,2_4,2osame,51.66,26.75,21.59
14,3_5,1o,51.56,13.46,34.98
15,2_4,1o,51.34,26.35,22.31
16,3_5,2osame,51.25,13.63,35.12
17,3_5,2odifferent,51.18,13.3,35.51
18,2_4,2odifferent,50.97,25.98,23.05
19,3_4,2osame,50.91,26.62,22.47
20,3_5,1o,50.88,13.47,35.65
21,3_4,1o,50.6,26.21,23.19
22,3_4,2odifferent,50.24,25.83,23.93
23,2_5,1s,50.06,12.6,37.34
24,4_5,2odifferent,49.39,25.52,25.09
25,2_5,2s,49.39,12.43,38.18
26,4_5,2osame,49.3,26.32,24.38
27,4_5,1o,49.0,25.92,25.07
28,3_5,1s,48.78,12.59,38.63
29,3_5,2s,48.18,12.42,39.39
30,2_4,2s,47.84,24.72,27.44
31,2_2,2osame,47.24,3.3,49.46
32,3_4,2s,47.21,24.61,28.18
33,2_2,1o,46.83,3.26,49.91
34,4_5,2s,46.47,24.32,29.21
35,2_2,2odifferent,46.41,3.23,50.36
36,3_3,2osame,46.21,2.74,51.05
37,3_3,1o,45.8,2.69,51.51
38,3_3,2odifferent,45.39,2.63,51.98
39,2_K,1o,43.72,0.77,55.52
40,2_Q,1o,43.63,1.02,55.34
41,2_K,2odifferent,43.45,0.73,55.82
42,2_Q,2odifferent,43.36,0.99,55.65
43,2_K,2osame,43.32,0.83,55.84
44,2_K,2osame,43.31,0.85,55.84
45,2_Q,2osame,43.23,1.09,55.68
46,2_Q,2osame,43.23,1.1,55.67
47,2_T,1o,43.19,2.07,54.74
48,2_J,1o,43.19,1.44,55.38
49,2_A,1o,43.06,0.54,56.4
50,2_K,1o,43.05,0.8,56.15
51,3_K,1o,43.04,0.76,56.2
52,2_7,1o,42.98,8.31,48.71
53,2_Q,1o,42.97,1.06,55.98
54,3_Q,1o,42.96,1.02,56.03
55,2_9,1o,42.93,3.24,53.83
56,2_T,2odifferent,42.93,2.03,55.04
57,2_J,2odifferent,42.93,1.4,55.67
58,2_8,1o,42.88,5.13,51.99
59,2_A,2odifferent,42.8,0.51,56.69
60,2_T,2osame,42.78,2.14,55.08
61,3_K,2odifferent,42.78,0.71,56.51
62,2_J,2osame,42.78,1.5,55.71
63,2_J,2osame,42.77,1.52,55.71
64,2_T,2osame,42.77,2.15,55.08
65,2_7,2odifferent,42.71,8.23,49.07
66,3_Q,2odifferent,42.7,0.96,56.34
67,2_9,2odifferent,42.68,3.19,54.13
68,2_A,2osame,42.65,0.61,56.74
69,3_K,2osame,42.64,0.83,56.53
70,2_A,2osame,42.64,0.62,56.73
71,3_K,2osame,42.63,0.84,56.53
72,2_8,2odifferent,42.62,5.07,52.31
73,2_7,2osame,42.57,8.43,49.0
74,2_7,2osame,42.56,8.44,49.0
75,3_Q,2osame,42.55,1.09,56.36
76,3_Q,2osame,42.55,1.08,56.36
77,2_9,2osame,42.52,3.32,54.16
78,2_J,1o,42.52,1.47,56.01
79,2_T,1o,42.52,2.1,55.38
80,2_9,2osame,42.51,3.33,54.16
81,3_J,1o,42.51,1.43,56.06
82,3_T,1o,42.51,2.06,55.43
83,2_8,2osame,42.48,5.22,52.3
84,2_8,2osame,42.46,5.23,52.31
85,3_8,1o,42.45,5.13,52.42
86,2_A,1o,42.39,0.58,57.03
87,3_K,1o,42.38,0.77,56.85
88,3_Q,1o,42.3,1.03,56.68
89,2_7,1o,42.3,8.34,49.35
90,2_9,1o,42.27,3.27,54.46
91,3_9,1o,42.26,3.23,54.51
92,3_J,2odifferent,42.26,1.37,56.37
93,3_T,2odifferent,42.26,2.0,55.74
94,2_8,1o,42.22,5.16,52.62
95,3_8,2odifferent,42.19,5.05,52.75
96,3_A,1o,42.15,0.54,57.31
97,3_J,2osame,42.1,1.5,56.4
98,3_T,2osame,42.1,2.13,55.77
99,3_J,2osame,42.09,1.51,56.4
100,3_T,2osame,42.09,2.14,55.77
101,3_8,2osame,42.04,5.22,52.74
102,3_8,2osame,42.03,5.23,52.74
103,3_9,2odifferent,42.01,3.17,54.82
104,3_A,2odifferent,41.9,0.48,57.61
105,3_J,1o,41.85,1.44,56.71
106,3_T,1o,41.85,2.07,56.08
107,3_9,2osame,41.84,3.31,54.85
108,3_9,2osame,41.83,3.32,54.85
109,3_8,1o,41.78,5.14,53.07
110,3_A,2osame,41.73,0.6,57.67
111,3_A,2osame,41.73,0.62,57.66
112,3_9,1o,41.59,3.24,55.16
113,3_7,1o,41.52,8.3,50.17
114,3_A,1o,41.49,0.55,57.96
115,2_K,1s,41.36,0.8,57.84
116,3_7,2odifferent,41.28,8.2,50.52
117,2_Q,1s,41.28,1.04,57.68
118,3_7,2osame,41.09,8.42,50.49
119,3_7,2osame,41.08,8.43,50.49
120,2_T,1s,40.88,2.02,57.09
121,2_J,1s,40.87,1.43,57.7
122,3_7,1o,40.85,8.32,50.83
123,2_7,1s,40.81,7.83,51.36
124,3_K,1s,40.76,0.79,58.45
125,2_A,1s,40.72,0.58,58.7
126,2_K,2s,40.71,0.73,58.56
127,3_Q,1s,40.68,1.03,58.28
128,2_9,1s,40.65,3.12,56.24
129,2_8,1s,40.65,4.88,54.47
130,2_Q,2s,40.64,0.97,58.39
131,3_8,1s,40.3,4.88,54.82
132,3_T,1s,40.28,2.02,57.7
133,3_J,1s,40.27,1.42,58.31
134,2_T,2s,40.25,1.95,57.8
135,2_J,2s,40.23,1.36,58.41
136,2_7,2s,40.17,7.71,52.12
137,3_K,2s,40.14,0.72,59.14
138,2_A,2s,40.12,0.51,59.37
139,3_Q,2s,40.06,0.96,58.97
140,3_9,1s,40.05,3.11,56.84
141,2_9,2s,40.02,3.04,56.95
142,2_8,2s,40.02,4.78,55.19
143,3_A,1s,39.89,0.58,59.53
144,3_8,2s,39.68,4.78,55.54
145,3_T,2s,39.67,1.94,58.39
146,3_J,2s,39.66,1.35,58.99
147,3_9,2s,39.44,3.03,57.53
148,3_7,1s,39.41,7.83,52.77
149,3_A,2s,39.34,0.51,60.16
150,5_K,2odifferent,38.91,0.67,60.42
151,3_7,2s,38.84,7.71,53.46
152,5_Q,2odifferent,38.83,0.92,60.25
153,5_T,2odifferent,38.69,1.97,59.34
154,5_K,2osame,38.62,0.81,60.57
155,5_Q,2osame,38.54,1.06,60.4
156,5_K,1o,38.44,0.73,60.83
157,5_K,1o,38.42,0.73,60.85
158,5_T,2osame,38.4,2.12,59.48
159,5_J,2odifferent,38.39,1.33,60.28
160,5_Q,1o,38.35,0.99,60.66
161,5_Q,1o,38.33,0.99,60.68
162,5_T,1o,38.21,2.04,59.74
163,5_T,1o,38.19,2.04,59.76
164,5_J,2osame,38.08,1.47,60.44
165,5_A,2odifferent,37.99,0.44,61.57
166,5_K,2osame,37.93,0.81,61.26
167,5_J,1o,37.91,1.4,60.69
168,5_J,1o,37.89,1.4,60.71
169,5_Q,2osame,37.85,1.07,61.09
170,5_T,2osame,37.7,2.12,60.17
171,5_A,2osame,37.67,0.58,61.75
172,5_9,2odifferent,37.52,3.14,59.34
173,5_A,1o,37.5,0.51,61.99
174,5_A,1o,37.48,0.51,62.01
175,5_J,2osame,37.39,1.48,61.13
176,5_9,2osame,37.19,3.3,59.51
177,5_9,1o,37.02,3.21,59.76
178,5_9,1o,37.0,3.21,59.78
179,5_A,2osame,36.98,0.59,62.43
180,5_K,1s,36.95,0.77,62.28
181,K_A,2odifferent,36.88,0.4,62.73
182,5_Q,1s,36.87,1.02,62.12
183,Q_A,2odifferent,36.79,0.38,62.82
184,5_T,1s,36.75,2.01,61.24
185,9_A,2odifferent,36.63,0.39,62.99
186,5_K,2s,36.49,0.7,62.8
187,5_9,2osame,36.49,3.3,60.21
188,8_K,2odifferent,36.46,0.62,62.93
189,8_A,2odifferent,36.46,0.38,63.17
190,5_J,1s,36.45,1.41,62.14
191,5_8,2odifferent,36.44,5.02,58.54
192,5_Q,2s,36.42,0.95,62.64
193,T_A,2odifferent,36.39,0.37,63.24
194,J_A,2odifferent,36.36,0.38,63.26
195,K_A,1o,36.34,0.46,63.2
196,K_A,1o,36.33,0.46,63.2
197,Q_K,2odifferent,36.31,0.6,63.09
198,5_T,2s,36.3,1.94,61.76
199,7_A,2odifferent,36.28,0.39,63.33
200,Q_A,1o,36.25,0.45,63.3
201,Q_A,1o,36.25,0.45,63.3
202,7_Q,2odifferent,36.2,0.88,62.92
203,7_K,2odifferent,36.2,0.61,63.19
204,9_K,2odifferent,36.14,0.61,63.25
205,9_A,1o,36.08,0.45,63.47
206,9_A,1o,36.08,0.45,63.47
207,5_8,2osame,36.07,5.2,58.73
208,5_A,1s,36.03,0.56,63.41
209,5_J,2s,36.01,1.34,62.65
210,8_Q,2odifferent,35.97,0.88,63.16
211,5_8,1o,35.92,5.11,58.97
212,5_8,1o,35.91,5.11,58.99
213,8_K,1o,35.91,0.68,63.4
214,8_K,1o,35.91,0.68,63.41
215,8_A,1o,35.91,0.44,63.64
216,8_A,1o,35.91,0.44,63.65
217,T_K,2odifferent,35.9,0.59,63.51
218,J_K,2odifferent,35.87,0.6,63.53
219,T_A,1o,35.84,0.44,63.72
220,T_A,1o,35.84,0.44,63.72
221,J_A,1o,35.81,0.45,63.74
222,J_A,1o,35.8,0.45,63.75
223,K_A,2osame,35.78,0.54,63.68
224,K_A,2osame,35.78,0.54,63.67
225,Q_K,1o,35.75,0.67,63.58
226,Q_K,1o,35.75,0.67,63.58
227,7_A,1o,35.74,0.45,63.81
228,7_A,1o,35.73,0.45,63.82
229,Q_A,2osame,35.7,0.53,63.77
230,Q_A,2osame,35.7,0.53,63.78
231,7_K,1o,35.66,0.68,63.66
232,7_Q,1o,35.66,0.95,63.39
233,7_K,1o,35.65,0.68,63.68
234,5_A,2s,35.65,0.49,63.85
235,5_9,1s,35.65,3.1,61.25
236,9_Q,2odifferent,35.65,0.86,63.48
237,7_Q,1o,35.65,0.95,63.41
238,7_J,2odifferent,35.59,1.29,63.11
239,9_K,1o,35.58,0.68,63.74
240,9_K,1o,35.58,0.68,63.74
241,9_A,2osame,35.52,0.53,63.95
242,9_A,2osame,35.52,0.53,63.95
243,8_Q,1o,35.42,0.94,63.64
244,T_Q,2odifferent,35.41,0.83,63.75
245,8_Q,1o,35.41,0.94,63.65
246,J_Q,2odifferent,35.38,0.84,63.78
247,5_8,2osame,35.37,5.21,59.42
248,8_A,2osame,35.36,0.52,64.12
249,8_K,2osame,35.36,0.76,63.88
250,8_K,2osame,35.35,0.76,63.89
251,8_A,2osame,35.35,0.52,64.13
252,T_K,1o,35.34,0.66,64.0
253,T_K,1o,35.34,0.66,64.0
254,J_K,1o,35.31,0.67,64.02
255,J_K,1o,35.31,0.67,64.02
256,8_J,2odifferent,35.31,1.28,63.41
257,5_7,2odifferent,35.31,8.17,56.53
258,T_A,2osame,35.28,0.52,64.21
259,T_A,2osame,35.28,0.52,64.2
260,J_A,2osame,35.25,0.53,64.22
261,J_A,2osame,35.24,0.53,64.23
262,5_9,2s,35.22,3.02,61.76
263,Q_K,2osame,35.19,0.75,64.06
264,Q_K,2osame,35.19,0.75,64.06
265,7_A,2osame,35.18,0.53,64.28
266,7_A,2osame,35.18,0.53,64.29
267,7_Q,2osame,35.1,1.02,63.88
268,7_K,2osame,35.1,0.75,64.15
269,7_K,2osame,35.1,0.75,64.15
270,7_Q,2osame,35.1,1.02,63.88
271,9_Q,1o,35.09,0.93,63.98
272,9_Q,1o,35.09,0.93,63.98
273,7_J,1o,35.04,1.36,63.6
274,7_J,1o,35.03,1.36,63.61
275,9_K,2osame,35.02,0.76,64.23
276,9_K,2osame,35.02,0.76,64.22
277,5_7,2osame,34.9,8.41,56.7
278,T_Q,1o,34.85,0.9,64.26
279,8_Q,2osame,34.85,1.02,64.13
280,T_Q,1o,34.85,0.9,64.25
281,8_Q,2osame,34.85,1.02,64.13
282,7_T,2odifferent,34.84,1.92,63.25
283,J_Q,1o,34.81,0.91,64.28
284,J_Q,1o,34.81,0.91,64.28
285,T_K,2osame,34.78,0.74,64.49
286,5_7,1o,34.77,8.28,56.95
287,T_K,2osame,34.77,0.74,64.49
288,5_7,1o,34.76,8.28,56.96
289,8_J,1o,34.75,1.35,63.91
290,J_K,2osame,34.74,0.75,64.51
291,J_K,2osame,34.74,0.75,64.51
292,8_J,1o,34.74,1.35,63.91
293,K_A,1s,34.73,0.52,64.75
294,9_J,2odifferent,34.69,1.26,64.05
295,Q_A,1s,34.65,0.51,64.84
296,5_8,1s,34.59,4.86,60.55
297,8_T,2odifferent,34.55,1.87,63.58
298,9_Q,2osame,34.52,1.01,64.48
299,9_A,1s,34.52,0.52,64.97
300,9_Q,2osame,34.51,1.01,64.48
301,7_J,2osame,34.47,1.44,64.09
302,7_J,2osame,34.47,1.44,64.09
303,T_J,2odifferent,34.46,1.1,64.44
304,8_A,1s,34.41,0.51,65.08
305,8_K,1s,34.41,0.73,64.85
306,K_A,2s,34.31,0.45,65.24
307,7_A,1s,34.3,0.52,65.19
308,T_A,1s,34.28,0.51,65.21
309,T_Q,2osame,34.27,0.98,64.76
310,T_Q,2osame,34.27,0.98,64.75
311,7_T,1o,34.27,1.98,63.74
312,7_T,1o,34.26,1.98,63.75
313,J_Q,2osame,34.24,0.99,64.78
314,J_Q,2osame,34.24,0.99,64.78
315,J_A,1s,34.24,0.51,65.25
316,Q_A,2s,34.23,0.44,65.33
317,5_8,2s,34.22,4.77,61.01
318,7_K,1s,34.22,0.73,65.05
319,7_Q,1s,34.22,0.98,64.8
320,5_7,2osame,34.2,8.41,57.39
321,Q_K,1s,34.19,0.72,65.1
322,8_J,2osame,34.17,1.42,64.41
323,8_J,2osame,34.17,1.42,64.41
324,9_J,1o,34.12,1.32,64.56
325,9_J,1o,34.11,1.32,64.56
326,9_A,2s,34.09,0.45,65.46
327,9_K,1s,34.05,0.73,65.22
328,8_A,2s,33.99,0.44,65.57
329,8_K,2s,33.99,0.67,65.35
330,8_T,1o,33.98,1.94,64.09
331,8_T,1o,33.97,1.94,64.09
332,8_Q,1s,33.94,0.98,65.08
333,9_T,2odifferent,33.93,1.74,64.32
334,7_A,2s,33.88,0.45,65.67
335,T_J,1o,33.87,1.17,64.96
336,T_A,2s,33.87,0.44,65.69
337,T_J,1o,33.87,1.17,64.96
338,J_A,2s,33.83,0.44,65.73
339,T_K,1s,33.82,0.71,65.47
340,7_K,2s,33.8,0.66,65.54
341,7_Q,2s,33.8,0.92,65.28
342,Q_K,2s,33.79,0.65,65.56
343,J_K,1s,33.77,0.72,65.51
344,7_T,2osame,33.69,2.06,64.25
345,7_T,2osame,33.69,2.06,64.25
346,7_9,2odifferent,33.66,3.02,63.31
347,9_K,2s,33.64,0.66,65.69
348,7_J,1s,33.62,1.37,65.01
349,9_Q,1s,33.58,0.97,65.45
350,8_Q,2s,33.54,0.91,65.55
351,9_J,2osame,33.53,1.4,65.07
352,9_J,2osame,33.53,1.4,65.07
353,5_7,1s,33.48,7.81,58.71
354,T_K,2s,33.43,0.64,65.93
355,8_T,2osame,33.39,2.02,64.6
356,8_T,2osame,33.38,2.02,64.6
357,J_K,2s,33.38,0.65,65.97
358,T_Q,1s,33.35,0.94,65.71
359,8_9,2odifferent,33.34,2.83,63.82
360,9_T,1o,33.34,1.81,64.84
361,9_T,1o,33.34,1.81,64.85
362,J_Q,1s,33.3,0.95,65.75
363,8_J,1s,33.29,1.36,65.35
364,T_J,2osame,33.28,1.24,65.48
365,T_J,2osame,33.28,1.24,65.48
366,4_4,2odifferent,33.27,3.73,63.01
367,7_J,2s,33.23,1.3,65.46
368,9_Q,2s,33.2,0.9,65.9
369,5_7,2s,33.18,7.69,59.13
370,7_9,1o,33.08,3.1,63.82
371,7_9,1o,33.07,3.1,63.83
372,T_Q,2s,32.99,0.87,66.15
373,J_Q,2s,32.94,0.87,66.19
374,8_J,2s,32.92,1.29,65.79
375,7_T,1s,32.92,1.96,65.13
376,8_9,1o,32.75,2.91,64.35
377,9_T,2osame,32.74,1.89,65.37
378,9_T,2osame,32.74,1.89,65.37
379,8_9,1o,32.74,2.91,64.35
380,9_J,1s,32.65,1.34,66.01
381,7_8,2odifferent,32.59,4.66,62.75
382,8_T,1s,32.59,1.92,65.5
383,7_T,2s,32.56,1.89,65.56
384,7_9,2osame,32.47,3.18,64.34
385,7_9,2osame,32.47,3.18,64.34
386,T_J,1s,32.42,1.19,66.39
387,9_J,2s,32.3,1.27,66.43
388,8_T,2s,32.24,1.84,65.91
389,8_9,2osame,32.14,2.99,64.87
390,8_9,2osame,32.14,2.99,64.87
391,T_J,2s,32.09,1.12,66.79
392,7_8,1o,31.98,4.74,63.28
393,7_8,1o,31.98,4.74,63.27
394,9_T,1s,31.95,1.8,66.26
395,7_9,1s,31.81,3.0,65.19
396,9_T,2s,31.62,1.72,66.65
397,7_9,2s,31.47,2.92,65.61
398,8_9,1s,31.45,2.82,65.73
399,7_8,2osame,31.36,4.84,63.8
400,7_8,2osame,31.36,4.84,63.8
401,8_9,2s,31.13,2.74,66.13
402,2_6,1o,31.05,48.2,20.75
403,2_6,2odifferent,30.97,47.57,21.46
404,7_8,1s,30.76,4.53,64.71
405,2_6,2osame,30.48,48.84,20.67
406,7_8,2s,30.48,4.44,65.08
407,2_6,1o,30.34,48.22,21.43
408,2_6,1s,29.74,45.58,24.68
409,3_6,1o,29.21,49.57,21.22
410,2_6,2s,29.21,44.83,25.95
411,3_6,2odifferent,29.15,48.91,21.95
412,5_5,2odifferent,29.15,2.08,68.76
413,5_5,2osame,28.77,2.22,69.01
414,4_A,2odifferent,28.71,1.8,69.49
415,4_K,2odifferent,28.66,2.88,68.46
416,4_Q,2odifferent,28.62,3.93,67.45
417,3_6,2osame,28.61,50.24,21.15
418,5_5,1o,28.6,2.15,69.25
419,3_6,1o,28.5,49.58,21.92
420,4_9,2odifferent,28.23,9.5,62.28
421,4_T,2odifferent,28.18,7.1,64.71
422,4_J,2odifferent,28.18,5.27,66.55
423,4_A,2osame,28.09,1.97,69.94
424,4_A,1o,28.07,1.89,70.04
425,4_K,2osame,28.05,3.07,68.88
426,4_K,1o,28.03,2.98,68.99
427,4_Q,2osame,28.01,4.15,67.84
428,3_6,1s,28.0,46.85,25.14
429,4_Q,1o,27.99,4.04,67.97
430,4_9,2osame,27.6,9.86,62.54
431,4_9,1o,27.58,9.68,62.74
432,3_6,2s,27.57,46.1,26.33
433,4_J,2osame,27.56,5.52,66.93
434,4_T,2osame,27.56,7.41,65.04
435,4_J,1o,27.54,5.39,67.06
436,4_T,1o,27.54,7.26,65.2
437,6_A,2odifferent,27.17,2.69,70.14
438,6_K,2odifferent,27.13,3.82,69.05
439,6_Q,2odifferent,27.09,4.93,67.98
440,6_J,2odifferent,27.09,5.89,67.03
441,4_A,2s,26.87,1.76,71.38
442,4_K,2s,26.83,2.8,70.37
443,6_T,2odifferent,26.8,7.68,65.53
444,4_Q,2s,26.79,3.83,69.38
445,4_8,2odifferent,26.71,13.14,60.14
446,6_A,1o,26.51,2.79,70.7
447,6_K,1o,26.47,3.93,69.59
448,6_A,1o,26.46,2.79,70.76
449,4_9,2s,26.44,9.19,64.37
450,6_Q,1o,26.43,5.06,68.51
451,6_J,1o,26.43,6.02,67.55
452,6_K,1o,26.41,3.93,69.65
453,4_T,2s,26.4,6.89,66.71
454,4_J,2s,26.38,5.12,68.49
455,6_J,1o,26.37,6.02,67.61
456,6_Q,1o,26.37,5.05,68.58
457,6_T,1o,26.13,7.84,66.03
458,6_T,1o,26.08,7.84,66.09
459,4_8,1o,26.05,13.38,60.58
460,4_8,2osame,26.04,13.61,60.35
461,6_A,2osame,25.79,2.9,71.31
462,6_A,1s,25.77,2.76,71.47
463,6_K,2osame,25.75,4.06,70.2
464,6_K,1s,25.73,3.88,70.39
465,6_Q,2osame,25.7,5.19,69.11
466,6_J,2osame,25.7,6.17,68.13
467,6_Q,1s,25.69,4.97,69.34
468,6_J,1s,25.69,5.92,68.39
469,6_A,2s,25.41,2.59,72.0
470,6_T,1s,25.4,7.69,66.91
471,6_T,2osame,25.4,8.01,66.59
472,6_K,2s,25.37,3.7,70.93
473,6_J,2s,25.33,5.72,68.95
474,6_Q,2s,25.33,4.78,69.89
475,4_7,2odifferent,25.14,18.24,56.61
476,4_8,2s,25.09,12.68,62.23
477,6_T,2s,25.07,7.47,67.47
478,6_8,2odifferent,24.96,13.93,61.11
479,6_9,2odifferent,24.9,10.43,64.67
480,4_7,1o,24.45,18.55,57.0
481,4_7,2osame,24.43,18.85,56.72
482,6_8,1o,24.27,14.18,61.56
483,6_9,1o,24.21,10.63,65.16
484,6_8,1o,24.21,14.17,61.61
485,6_9,1o,24.15,10.63,65.22
486,6_7,2odifferent,23.79,18.32,57.88
487,4_7,2s,23.69,17.51,58.8
488,6_8,1s,23.65,13.75,62.6
489,6_9,1s,23.59,10.37,66.04
490,6_8,2osame,23.5,14.43,62.06
491,6_9,2osame,23.45,10.84,65.71
492,6_8,2s,23.4,13.46,63.14
493,6_9,2s,23.29,10.12,66.6
494,6_7,1o,23.08,18.63,58.29
495,6_7,1o,23.03,18.63,58.34
496,6_7,1s,22.55,17.96,59.49
497,6_7,2s,22.38,17.63,59.99
498,6_7,2osame,22.3,18.95,58.75
499,5_6,2odifferent,22.12,43.5,34.38
500,5_6,1o,21.38,44.09,34.52
501,5_6,1o,21.34,44.1,34.56
502,5_6,2osame,21.32,44.69,33.99
503,5_6,1s,20.98,41.74,37.28
504,5_6,2s,20.9,41.08,38.02
505,Q_Q,2odifferent,17.47,0.31,82.22
506,K_K,2odifferent,17.47,0.33,82.2
507,A_A,2odifferent,17.47,0.34,82.19
508,T_T,2odifferent,17.15,0.41,82.44
509,J_J,2odifferent,17.04,0.34,82.63
510,9_9,2odifferent,16.82,0.59,82.59
511,K_K,1o,16.74,0.39,82.87
512,Q_Q,1o,16.74,0.38,82.89
513,A_A,1o,16.73,0.41,82.86
514,T_T,1o,16.41,0.47,83.11
515,J_J,1o,16.29,0.4,83.3
516,9_9,1o,16.07,0.66,83.27
517,Q_Q,2osame,15.99,0.46,83.55
518,K_K,2osame,15.99,0.47,83.54
519,A_A,2osame,15.98,0.49,83.53
520,8_8,2odifferent,15.68,0.87,83.45
521,T_T,2osame,15.66,0.55,83.79
522,J_J,2osame,15.54,0.48,83.98
523,9_9,2osame,15.31,0.73,83.95
524,8_8,1o,14.92,0.94,84.15
525,7_7,2odifferent,14.21,1.28,84.51
526,8_8,2osame,14.14,1.01,84.84
527,7_7,1o,13.44,1.34,85.22
528,7_7,2osame,12.65,1.42,85.93
529,6_6,2odifferent,10.08,4.81,85.11
530,6_6,1o,9.2,4.91,85.89
531,4_6,2s,2.16,90.69,7.15
532,4_6,2odifferent,2.16,95.69,2.16
533,4_6,1o,1.09,97.11,1.81
534,4_6,2osame,0.74,98.53,0.74
