,vs_Hand,type,Equity_%,Draws_%,Loses_%
0,2_5,2osame,65.47,11.09,23.44
1,5_8,2osame,65.2,10.38,24.42
2,2_5,1o,64.98,10.88,24.14
3,5_8,2odifferent,64.87,9.98,25.15
4,5_8,1o,64.7,10.18,25.12
5,2_5,2odifferent,64.43,10.71,24.86
6,2_3,2osame,64.32,3.36,32.32
7,2_3,2osame,64.32,3.36,32.32
8,2_4,2osame,64.27,3.35,32.37
9,2_4,2osame,64.27,3.36,32.38
10,2_7,2osame,63.92,3.31,32.77
11,2_3,1o,63.82,3.29,32.89
12,2_3,1o,63.82,3.31,32.87
13,3_5,2osame,63.8,10.93,25.27
14,2_4,1o,63.77,3.31,32.92
15,2_4,1o,63.77,3.28,32.95
16,3_8,2osame,63.75,3.32,32.94
17,5_7,2osame,63.74,10.22,26.04
18,4_5,2osame,63.72,10.89,25.4
19,2_8,2osame,63.52,3.32,33.17
20,5_7,2odifferent,63.45,9.83,26.72
21,2_7,1o,63.44,3.22,33.35
22,3_5,1o,63.34,10.72,25.94
23,2_3,2odifferent,63.3,3.25,33.45
24,5_7,1o,63.26,10.03,26.71
25,3_8,1o,63.26,3.23,33.52
26,4_5,1o,63.25,10.68,26.07
27,2_4,2odifferent,63.25,3.23,33.51
28,2_7,2osame,63.24,3.3,33.46
29,3_8,2osame,63.06,3.31,33.63
30,2_8,1o,63.03,3.23,33.74
31,2_7,2odifferent,62.94,3.17,33.89
32,2_8,2osame,62.84,3.31,33.85
33,3_5,2odifferent,62.81,10.54,26.65
34,3_4,2osame,62.77,3.35,33.88
35,3_4,2osame,62.77,3.35,33.88
36,2_6,2osame,62.77,3.31,33.92
37,3_8,2odifferent,62.76,3.16,34.07
38,2_7,1o,62.75,3.26,33.99
39,4_5,2odifferent,62.73,10.48,26.79
40,3_7,2osame,62.62,3.3,34.09
41,3_8,1o,62.58,3.25,34.18
42,2_8,2odifferent,62.54,3.18,34.27
43,4_8,2osame,62.44,3.31,34.24
44,2_8,1o,62.35,3.27,34.38
45,2_6,1o,62.31,3.22,34.47
46,3_4,1o,62.29,3.28,34.42
47,3_4,1o,62.29,3.27,34.44
48,5_6,2osame,62.28,10.12,27.6
49,3_7,1o,62.15,3.21,34.64
50,2_6,2osame,62.09,3.31,34.61
51,5_6,2odifferent,62.04,9.73,28.23
52,4_8,1o,61.98,3.23,34.8
53,3_7,2osame,61.93,3.29,34.78
54,2_6,2odifferent,61.83,3.18,34.99
55,5_6,1o,61.83,9.92,28.25
56,3_4,2odifferent,61.8,3.21,34.99
57,4_8,2osame,61.76,3.31,34.93
58,3_7,2odifferent,61.67,3.15,35.18
59,2_6,1o,61.62,3.26,35.12
60,4_8,2odifferent,61.5,3.15,35.35
61,3_6,2osame,61.46,3.3,35.24
62,3_7,1o,61.46,3.23,35.31
63,4_7,2osame,61.31,3.3,35.39
64,4_8,1o,61.29,3.23,35.47
65,3_6,1o,61.02,3.21,35.77
66,5_8,2s,60.96,9.66,29.39
67,4_7,1o,60.87,3.21,35.92
68,3_6,2osame,60.77,3.3,35.93
69,2_3,1s,60.72,3.14,36.14
70,2_4,1s,60.67,3.14,36.19
71,4_7,2osame,60.62,3.29,36.08
72,3_6,2odifferent,60.56,3.15,36.29
73,2_5,2s,60.49,10.34,29.17
74,4_7,2odifferent,60.41,3.13,36.46
75,3_6,1o,60.33,3.23,36.44
76,4_6,2osame,60.21,3.3,36.49
77,4_7,1o,60.18,3.22,36.6
78,2_7,1s,59.85,3.09,37.05
79,4_6,1o,59.78,3.21,37.0
80,3_8,1s,59.69,3.1,37.2
81,5_7,2s,59.62,9.53,30.85
82,4_6,2osame,59.51,3.3,37.19
83,2_8,1s,59.48,3.1,37.42
84,2_3,2s,59.41,3.07,37.52
85,2_4,2s,59.36,3.06,37.58
86,4_6,2odifferent,59.34,3.14,37.52
87,3_4,1s,59.23,3.13,37.64
88,4_6,1o,59.09,3.22,37.69
89,2_7,2s,59.0,3.01,38.0
90,3_5,2s,58.98,10.21,30.81
91,4_5,2s,58.89,10.16,30.94
92,3_8,2s,58.84,3.02,38.14
93,2_6,1s,58.73,3.1,38.17
94,2_8,2s,58.63,3.02,38.35
95,3_7,1s,58.59,3.08,38.32
96,4_8,1s,58.44,3.1,38.46
97,5_6,2s,58.3,9.45,32.25
98,3_4,2s,58.01,3.05,38.94
99,2_6,2s,57.96,3.01,39.03
100,3_7,2s,57.82,3.0,39.18
101,4_8,2s,57.67,3.02,39.31
102,3_6,1s,57.48,3.09,39.44
103,4_7,1s,57.34,3.08,39.58
104,3_6,2s,56.79,3.0,40.21
105,4_7,2s,56.66,3.0,40.34
106,4_6,1s,56.26,3.09,40.65
107,4_6,2s,55.66,3.0,41.34
108,6_7,2odifferent,54.63,3.07,42.3
109,6_7,2osame,54.63,3.24,42.13
110,6_7,2osame,54.63,3.24,42.13
111,6_7,1o,54.29,3.16,42.55
112,6_7,1o,54.29,3.16,42.55
113,6_8,2odifferent,53.07,5.56,41.37
114,6_8,2osame,53.06,5.77,41.17
115,6_8,2osame,53.06,5.77,41.17
116,6_8,1o,52.73,5.66,41.61
117,6_8,1o,52.73,5.66,41.61
118,6_7,1s,51.6,3.04,45.37
119,6_7,2s,51.16,2.95,45.89
120,6_8,1s,50.2,5.37,44.43
121,6_8,2s,49.71,5.26,45.03
122,7_8,2odifferent,49.71,5.12,45.17
123,7_8,2osame,49.62,5.32,45.05
124,7_8,2osame,49.62,5.32,45.05
125,7_8,1o,49.33,5.22,45.46
126,7_8,1o,49.33,5.22,45.45
127,2_2,2osame,47.1,2.24,50.67
128,7_8,1s,47.02,4.96,48.02
129,2_2,1o,46.71,2.2,51.09
130,7_8,2s,46.57,4.86,48.58
131,2_2,2odifferent,46.31,2.16,51.53
132,3_3,2osame,46.3,1.87,51.83
133,4_4,2osame,46.06,1.56,52.39
134,3_3,1o,45.92,1.81,52.27
135,4_4,1o,45.67,1.49,52.83
136,3_3,2odifferent,45.53,1.76,52.71
137,4_4,2odifferent,45.29,1.42,53.29
138,2_K,1o,42.2,0.74,57.07
139,2_K,2odifferent,41.95,0.7,57.35
140,2_Q,1o,41.89,1.0,57.11
141,3_K,1o,41.81,0.73,57.47
142,4_K,1o,41.81,0.73,57.47
143,2_K,2osame,41.77,0.81,57.42
144,2_K,2osame,41.76,0.82,57.42
145,2_Q,2odifferent,41.65,0.96,57.38
146,3_K,2odifferent,41.57,0.67,57.76
147,4_K,2odifferent,41.57,0.66,57.78
148,2_J,1o,41.54,1.4,57.06
149,2_K,1o,41.53,0.78,57.7
150,3_Q,1o,41.5,0.99,57.51
151,4_Q,1o,41.5,0.99,57.51
152,2_Q,2osame,41.46,1.07,57.47
153,2_Q,2osame,41.46,1.08,57.47
154,4_K,2osame,41.37,0.8,57.83
155,3_K,2osame,41.37,0.8,57.83
156,3_K,2osame,41.37,0.81,57.83
157,4_K,2osame,41.37,0.81,57.83
158,2_J,2odifferent,41.3,1.36,57.34
159,4_Q,2odifferent,41.27,0.92,57.81
160,3_Q,2odifferent,41.27,0.93,57.8
161,2_Q,1o,41.22,1.04,57.74
162,2_T,1o,41.2,2.97,55.84
163,4_J,1o,41.15,1.39,57.47
164,3_J,1o,41.15,1.39,57.47
165,4_K,1o,41.14,0.73,58.13
166,3_K,1o,41.14,0.75,58.12
167,2_J,2osame,41.1,1.48,57.43
168,2_J,2osame,41.09,1.48,57.43
169,4_Q,2osame,41.06,1.06,57.88
170,3_Q,2osame,41.06,1.07,57.87
171,4_Q,2osame,41.06,1.07,57.88
172,3_Q,2osame,41.06,1.06,57.88
173,2_T,2odifferent,40.97,2.92,56.11
174,2_A,1o,40.96,0.5,58.54
175,4_J,2odifferent,40.91,1.32,57.76
176,3_J,2odifferent,40.91,1.33,57.75
177,2_J,1o,40.87,1.44,57.7
178,4_Q,1o,40.83,0.99,58.17
179,3_Q,1o,40.83,1.01,58.16
180,4_T,1o,40.81,3.0,56.2
181,3_T,1o,40.81,3.0,56.2
182,2_T,2osame,40.75,3.05,56.2
183,2_T,2osame,40.74,3.06,56.2
184,2_A,2odifferent,40.73,0.47,58.8
185,3_J,2osame,40.7,1.46,57.84
186,4_J,2osame,40.7,1.46,57.84
187,4_J,2osame,40.69,1.47,57.84
188,3_J,2osame,40.69,1.47,57.84
189,4_T,2odifferent,40.58,2.92,56.5
190,3_T,2odifferent,40.58,2.93,56.48
191,3_A,1o,40.57,0.49,58.94
192,4_A,1o,40.57,0.49,58.94
193,2_T,1o,40.52,3.0,56.47
194,2_A,2osame,40.51,0.58,58.91
195,2_A,2osame,40.5,0.58,58.92
196,4_J,1o,40.48,1.4,58.13
197,3_J,1o,40.48,1.41,58.12
198,4_A,2odifferent,40.35,0.42,59.23
199,4_T,2osame,40.35,3.09,56.57
200,3_A,2odifferent,40.35,0.44,59.22
201,3_T,2osame,40.35,3.08,56.56
202,4_T,2osame,40.35,3.08,56.57
203,3_T,2osame,40.35,3.09,56.57
204,2_A,1o,40.29,0.54,59.17
205,3_T,1o,40.13,3.02,56.85
206,4_T,1o,40.13,3.01,56.86
207,4_A,2osame,40.11,0.57,59.32
208,3_A,2osame,40.11,0.57,59.32
209,4_A,2osame,40.1,0.56,59.33
210,3_A,2osame,40.1,0.57,59.33
211,2_K,1s,39.9,0.78,59.32
212,4_A,1o,39.89,0.5,59.61
213,3_A,1o,39.89,0.51,59.59
214,2_Q,1s,39.64,1.03,59.34
215,4_K,1s,39.53,0.77,59.7
216,3_K,1s,39.53,0.77,59.7
217,2_J,1s,39.32,1.4,59.28
218,2_K,2s,39.28,0.7,60.02
219,3_Q,1s,39.27,1.02,59.72
220,4_Q,1s,39.27,1.01,59.72
221,2_Q,2s,39.02,0.94,60.03
222,2_T,1s,39.0,2.86,58.13
223,4_J,1s,38.95,1.39,59.66
224,3_J,1s,38.95,1.39,59.65
225,3_K,2s,38.94,0.69,60.37
226,4_K,2s,38.94,0.69,60.37
227,2_J,2s,38.71,1.32,59.97
228,2_A,1s,38.68,0.56,60.77
229,3_Q,2s,38.68,0.94,60.38
230,4_Q,2s,38.68,0.94,60.38
231,3_T,1s,38.64,2.9,58.47
232,4_T,1s,38.63,2.89,58.47
233,2_T,2s,38.4,2.78,58.82
234,3_J,2s,38.37,1.32,60.32
235,4_J,2s,38.37,1.31,60.32
236,4_A,1s,38.31,0.54,61.15
237,3_A,1s,38.31,0.55,61.14
238,2_A,2s,38.14,0.48,61.38
239,4_T,2s,38.06,2.81,59.13
240,3_T,2s,38.06,2.81,59.13
241,4_A,2s,37.8,0.47,61.73
242,3_A,2s,37.8,0.47,61.73
243,8_K,2odifferent,37.75,0.6,61.64
244,6_K,2odifferent,37.45,0.6,61.95
245,7_K,2odifferent,37.45,0.59,61.95
246,7_Q,2odifferent,37.44,0.87,61.69
247,8_K,2osame,37.41,0.76,61.83
248,6_A,2odifferent,37.39,0.37,62.24
249,8_K,1o,37.25,0.68,62.07
250,8_K,1o,37.24,0.68,62.09
251,6_Q,2odifferent,37.15,0.86,61.99
252,7_A,2odifferent,37.13,0.36,62.51
253,8_A,2odifferent,37.13,0.36,62.52
254,7_K,2osame,37.1,0.75,62.16
255,6_K,2osame,37.09,0.75,62.16
256,7_Q,2osame,37.09,1.02,61.89
257,6_J,2odifferent,37.09,1.27,61.64
258,6_A,2osame,37.03,0.52,62.45
259,6_K,1o,36.94,0.67,62.39
260,7_K,1o,36.94,0.67,62.39
261,6_K,1o,36.93,0.67,62.4
262,7_Q,1o,36.93,0.94,62.13
263,7_K,1o,36.93,0.67,62.4
264,7_Q,1o,36.92,0.94,62.14
265,6_A,1o,36.87,0.44,62.68
266,6_A,1o,36.86,0.44,62.7
267,6_Q,2osame,36.79,1.01,62.21
268,8_A,2osame,36.77,0.51,62.73
269,7_A,2osame,36.76,0.51,62.73
270,8_K,2osame,36.73,0.76,62.52
271,6_J,2osame,36.72,1.42,61.86
272,6_Q,1o,36.64,0.93,62.43
273,6_Q,1o,36.63,0.93,62.45
274,8_A,1o,36.61,0.43,62.97
275,8_A,1o,36.61,0.43,62.96
276,7_A,1o,36.61,0.43,62.96
277,7_A,1o,36.6,0.43,62.97
278,6_J,1o,36.57,1.34,62.08
279,6_J,1o,36.56,1.34,62.1
280,8_Q,2odifferent,36.55,0.87,62.58
281,7_K,2osame,36.41,0.75,62.84
282,6_K,2osame,36.41,0.75,62.84
283,7_Q,2osame,36.4,1.02,62.58
284,6_A,2osame,36.34,0.52,63.13
285,7_J,2odifferent,36.19,1.27,62.54
286,8_Q,2osame,36.17,1.02,62.81
287,6_Q,2osame,36.1,1.01,62.89
288,8_A,2osame,36.08,0.51,63.41
289,7_A,2osame,36.08,0.51,63.41
290,6_J,2osame,36.03,1.42,62.55
291,8_Q,1o,36.03,0.94,63.03
292,8_Q,1o,36.02,0.94,63.05
293,6_T,2odifferent,35.83,1.93,62.24
294,7_J,2osame,35.8,1.42,62.78
295,8_K,1s,35.76,0.73,63.51
296,7_J,1o,35.66,1.34,63.0
297,7_J,1o,35.65,1.34,63.01
298,8_Q,2osame,35.48,1.02,63.5
299,7_Q,1s,35.47,0.97,63.55
300,7_K,1s,35.46,0.72,63.82
301,6_K,1s,35.45,0.72,63.83
302,6_T,2osame,35.42,2.09,62.49
303,6_A,1s,35.38,0.5,64.11
304,8_K,2s,35.32,0.65,64.03
305,8_J,2odifferent,35.3,1.27,63.43
306,6_T,1o,35.29,2.01,62.7
307,6_T,1o,35.28,2.01,62.71
308,2_9,1o,35.19,43.86,20.95
309,6_Q,1s,35.18,0.97,63.85
310,8_A,1s,35.16,0.5,64.34
311,6_J,1s,35.14,1.35,63.51
312,7_A,1s,35.14,0.5,64.36
313,7_J,2osame,35.11,1.42,63.47
314,3_9,1o,35.11,43.77,21.12
315,4_9,1o,35.1,43.65,21.25
316,7_Q,2s,35.05,0.9,64.05
317,7_K,2s,35.04,0.64,64.31
318,6_K,2s,35.04,0.64,64.31
319,2_9,2odifferent,35.04,43.3,21.66
320,6_A,2s,34.98,0.43,64.59
321,3_9,2odifferent,34.96,43.19,21.85
322,4_9,2odifferent,34.95,43.06,21.99
323,7_T,2odifferent,34.93,1.93,63.14
324,8_J,2osame,34.88,1.42,63.7
325,6_Q,2s,34.78,0.89,64.33
326,7_A,2s,34.75,0.42,64.84
327,8_A,2s,34.75,0.42,64.84
328,8_J,1o,34.75,1.34,63.9
329,6_J,2s,34.74,1.28,63.99
330,8_J,1o,34.74,1.34,63.91
331,6_T,2osame,34.73,2.09,63.18
332,2_9,2osame,34.69,44.44,20.87
333,8_Q,1s,34.62,0.98,64.4
334,3_9,2osame,34.6,44.35,21.05
335,4_9,2osame,34.59,44.23,21.18
336,7_T,2osame,34.5,2.09,63.42
337,2_9,1o,34.48,43.89,21.63
338,3_9,1o,34.4,43.78,21.82
339,4_9,1o,34.39,43.65,21.96
340,7_T,1o,34.38,2.01,63.62
341,Q_A,2odifferent,34.38,0.37,65.25
342,7_T,1o,34.37,2.01,63.62
343,K_A,2odifferent,34.35,0.38,65.27
344,7_J,1s,34.28,1.36,64.36
345,8_Q,2s,34.21,0.9,64.89
346,8_J,2osame,34.18,1.42,64.39
347,J_A,2odifferent,34.11,0.36,65.53
348,8_T,2odifferent,34.04,1.93,64.03
349,6_T,1s,33.95,1.98,64.07
350,Q_K,2odifferent,33.94,0.6,65.46
351,7_J,2s,33.9,1.28,64.83
352,7_T,2osame,33.8,2.09,64.11
353,Q_A,1o,33.79,0.44,65.76
354,Q_A,1o,33.79,0.44,65.77
355,T_A,2odifferent,33.78,0.36,65.86
356,K_A,1o,33.76,0.45,65.78
357,K_A,1o,33.76,0.45,65.79
358,J_K,2odifferent,33.67,0.59,65.73
359,2_9,1s,33.64,41.5,24.86
360,8_T,2osame,33.58,2.09,64.33
361,6_T,2s,33.57,1.9,64.53
362,3_9,1s,33.55,41.4,25.04
363,4_9,1s,33.54,41.28,25.17
364,J_A,1o,33.52,0.43,66.04
365,J_A,1o,33.52,0.43,66.04
366,8_T,1o,33.47,2.01,64.52
367,8_T,1o,33.46,2.01,64.53
368,8_J,1s,33.43,1.36,65.21
369,Q_K,1o,33.35,0.68,65.98
370,Q_K,1o,33.35,0.68,65.98
371,T_K,2odifferent,33.34,0.59,66.07
372,Q_A,2osame,33.2,0.52,66.28
373,Q_A,2osame,33.2,0.52,66.28
374,T_A,1o,33.18,0.43,66.38
375,T_A,1o,33.18,0.43,66.38
376,K_A,2osame,33.17,0.53,66.3
377,K_A,2osame,33.17,0.53,66.3
378,7_T,1s,33.1,1.98,64.93
379,J_K,1o,33.08,0.67,66.25
380,J_K,1o,33.08,0.67,66.26
381,8_J,2s,33.06,1.28,65.66
382,2_9,2s,32.98,40.83,26.19
383,J_A,2osame,32.93,0.51,66.56
384,J_A,2osame,32.92,0.51,66.57
385,3_9,2s,32.92,40.74,26.34
386,4_9,2s,32.91,40.62,26.47
387,8_T,2osame,32.88,2.09,65.03
388,Q_K,2osame,32.75,0.76,66.5
389,Q_K,2osame,32.75,0.76,66.5
390,T_K,1o,32.74,0.67,66.59
391,T_K,1o,32.74,0.67,66.6
392,7_T,2s,32.73,1.9,65.37
393,J_Q,2odifferent,32.65,0.84,66.51
394,T_A,2osame,32.58,0.51,66.91
395,T_A,2osame,32.57,0.51,66.91
396,J_K,2osame,32.48,0.75,66.78
397,J_K,2osame,32.47,0.75,66.78
398,Q_A,1s,32.34,0.51,67.15
399,T_Q,2odifferent,32.32,0.84,66.84
400,K_A,1s,32.29,0.52,67.19
401,8_T,1s,32.25,1.98,65.77
402,T_K,2osame,32.13,0.75,67.13
403,T_K,2osame,32.12,0.75,67.13
404,J_A,1s,32.1,0.5,67.4
405,J_Q,1o,32.04,0.92,67.05
406,J_Q,1o,32.04,0.92,67.05
407,Q_A,2s,31.98,0.43,67.59
408,Q_K,1s,31.94,0.73,67.34
409,K_A,2s,31.93,0.44,67.63
410,8_T,2s,31.9,1.9,66.21
411,T_A,1s,31.79,0.5,67.71
412,J_A,2s,31.75,0.42,67.83
413,J_K,1s,31.7,0.72,67.58
414,T_Q,1o,31.7,0.92,67.38
415,T_Q,1o,31.69,0.92,67.39
416,Q_K,2s,31.58,0.64,67.77
417,T_A,2s,31.44,0.42,68.13
418,J_Q,2osame,31.41,1.0,67.59
419,J_Q,2osame,31.41,1.0,67.59
420,T_K,1s,31.39,0.72,67.89
421,J_K,2s,31.35,0.64,68.01
422,5_5,2odifferent,31.34,3.2,65.46
423,T_J,2odifferent,31.25,1.12,67.63
424,T_Q,2osame,31.07,1.0,67.94
425,T_Q,2osame,31.06,1.0,67.94
426,T_K,2s,31.04,0.64,68.32
427,J_Q,1s,30.73,0.96,68.31
428,T_J,1o,30.61,1.2,68.19
429,T_J,1o,30.61,1.2,68.19
430,T_Q,1s,30.42,0.96,68.62
431,J_Q,2s,30.42,0.87,68.71
432,T_Q,2s,30.11,0.88,69.01
433,T_J,2osame,29.96,1.28,68.76
434,T_J,2osame,29.96,1.28,68.76
435,6_6,2odifferent,29.78,1.07,69.15
436,T_J,1s,29.41,1.22,69.37
437,6_6,2osame,29.37,1.22,69.41
438,7_7,2odifferent,29.25,0.85,69.91
439,6_6,1o,29.21,1.15,69.64
440,T_J,2s,29.13,1.14,69.73
441,7_7,2osame,28.83,1.0,70.17
442,8_8,2odifferent,28.74,0.66,70.59
443,7_7,1o,28.68,0.92,70.4
444,8_8,2osame,28.32,0.82,70.86
445,8_8,1o,28.17,0.74,71.09
446,5_K,2odifferent,25.88,3.5,70.63
447,5_A,2odifferent,25.59,2.3,72.11
448,5_Q,2odifferent,25.54,4.55,69.91
449,5_K,1o,25.2,3.61,71.19
450,5_K,2osame,25.17,3.72,71.11
451,5_T,2odifferent,25.14,7.44,67.41
452,5_J,2odifferent,25.14,5.88,68.98
453,9_K,2odifferent,24.95,3.46,71.59
454,5_A,1o,24.9,2.4,72.69
455,5_A,2osame,24.87,2.5,72.63
456,5_Q,1o,24.86,4.68,70.47
457,9_A,2odifferent,24.84,2.43,72.73
458,5_Q,2osame,24.82,4.8,70.38
459,9_Q,2odifferent,24.66,4.43,70.91
460,5_J,1o,24.45,6.02,69.53
461,5_T,1o,24.45,7.6,67.94
462,5_J,2osame,24.42,6.16,69.42
463,5_T,2osame,24.41,7.76,67.82
464,9_J,2odifferent,24.36,5.65,69.99
465,9_K,1o,24.26,3.57,72.17
466,5_K,2s,24.21,3.39,72.39
467,9_K,1o,24.2,3.57,72.23
468,9_A,1o,24.15,2.53,73.32
469,9_A,1o,24.1,2.53,73.38
470,9_Q,1o,23.96,4.56,71.48
471,5_A,2s,23.93,2.25,73.82
472,5_Q,2s,23.92,4.42,71.66
473,9_Q,1o,23.9,4.56,71.54
474,9_J,1o,23.66,5.79,70.55
475,9_K,1s,23.66,3.53,72.81
476,9_J,1o,23.61,5.79,70.61
477,9_A,1s,23.57,2.49,73.93
478,5_J,2s,23.57,5.7,70.73
479,5_T,2s,23.57,7.22,69.21
480,9_K,2osame,23.5,3.69,72.81
481,9_A,2osame,23.39,2.63,73.97
482,9_Q,1s,23.37,4.51,72.12
483,9_K,2s,23.31,3.38,73.31
484,9_A,2s,23.23,2.36,74.41
485,9_Q,2osame,23.19,4.69,72.12
486,9_J,1s,23.08,5.72,71.2
487,9_Q,2s,23.04,4.35,72.61
488,9_J,2osame,22.89,5.93,71.18
489,9_J,2s,22.78,5.54,71.68
490,8_9,2odifferent,22.78,20.64,56.58
491,7_9,2odifferent,22.73,27.24,50.03
492,6_9,2odifferent,22.62,35.45,41.93
493,9_T,2odifferent,22.43,7.17,70.4
494,8_9,1o,22.05,20.92,57.04
495,7_9,1o,22.0,27.6,50.4
496,8_9,1o,22.0,20.92,57.09
497,8_9,2osame,21.99,21.19,56.82
498,7_9,1o,21.95,27.6,50.45
499,7_9,2osame,21.94,27.97,50.1
500,6_9,1o,21.89,35.93,42.18
501,6_9,1o,21.85,35.93,42.23
502,6_9,2osame,21.83,36.41,41.76
503,9_T,1o,21.7,7.33,70.97
504,9_T,1o,21.64,7.33,71.03
505,8_9,1s,21.58,19.97,58.45
506,7_9,1s,21.54,26.25,52.2
507,6_9,1s,21.46,34.05,44.49
508,8_9,2s,21.36,19.66,58.98
509,7_9,2s,21.33,25.85,52.82
510,6_9,2s,21.24,33.53,45.22
511,9_T,1s,21.23,7.21,71.56
512,9_T,2s,20.96,7.03,72.01
513,9_T,2osame,20.89,7.5,71.61
514,K_K,2odifferent,15.02,0.32,84.67
515,Q_Q,2odifferent,14.78,0.31,84.91
516,A_A,2odifferent,14.61,0.3,85.09
517,J_J,2odifferent,14.49,0.33,85.18
518,K_K,1o,14.24,0.39,85.37
519,T_T,2odifferent,14.16,0.41,85.43
520,Q_Q,1o,14.0,0.38,85.61
521,A_A,1o,13.82,0.37,85.81
522,J_J,1o,13.71,0.4,85.89
523,K_K,2osame,13.45,0.47,86.08
524,T_T,1o,13.37,0.48,86.15
525,Q_Q,2osame,13.21,0.46,86.33
526,A_A,2osame,13.03,0.46,86.52
527,J_J,2osame,12.91,0.48,86.61
528,T_T,2osame,12.56,0.56,86.88
529,9_9,2odifferent,7.61,3.44,88.95
530,9_9,1o,6.69,3.55,89.76
531,5_9,2odifferent,2.17,95.67,2.17
532,5_9,2s,2.17,90.68,7.16
533,5_9,1o,1.1,97.09,1.81
534,5_9,2osame,0.74,98.52,0.74
