,vs_Hand,type,Equity_%,Draws_%,Loses_%
0,2_5,2osame,67.97,8.33,23.7
1,5_9,2osame,67.82,7.76,24.41
2,2_5,1o,67.45,8.16,24.39
3,5_9,2odifferent,67.41,7.44,25.14
4,5_9,1o,67.29,7.6,25.11
5,2_5,2odifferent,66.87,8.03,25.11
6,5_8,2osame,66.35,7.61,26.04
7,3_5,2osame,66.3,8.18,25.53
8,5_8,2odifferent,65.99,7.29,26.72
9,5_8,1o,65.84,7.45,26.71
10,3_5,1o,65.8,8.01,26.2
11,3_5,2odifferent,65.24,7.86,26.9
12,2_3,2osame,65.07,2.19,32.74
13,2_3,2osame,65.07,2.19,32.74
14,2_4,2osame,64.91,2.18,32.91
15,2_4,2osame,64.91,2.18,32.91
16,5_7,2osame,64.9,7.51,27.6
17,4_5,2osame,64.63,8.03,27.35
18,5_7,2odifferent,64.58,7.19,28.23
19,2_3,1o,64.57,2.15,33.28
20,2_3,1o,64.57,2.13,33.3
21,2_4,1o,64.41,2.11,33.48
22,5_7,1o,64.41,7.35,28.24
23,2_4,1o,64.41,2.14,33.45
24,4_5,1o,64.15,7.86,27.99
25,2_3,2odifferent,64.05,2.09,33.85
26,2_4,2odifferent,63.9,2.07,34.03
27,2_7,2osame,63.88,2.14,33.98
28,5_6,2osame,63.8,7.41,28.8
29,3_8,2osame,63.73,2.12,34.15
30,4_5,2odifferent,63.62,7.7,28.69
31,4_9,2osame,63.56,2.13,34.3
32,5_6,2odifferent,63.51,7.09,29.4
33,2_8,2osame,63.5,2.13,34.38
34,2_9,2osame,63.45,2.15,34.4
35,3_4,2osame,63.41,2.17,34.42
36,2_7,1o,63.41,2.05,34.53
37,3_4,2osame,63.41,2.17,34.42
38,5_9,2s,63.34,7.22,29.45
39,3_9,2osame,63.33,2.13,34.54
40,5_6,1o,63.32,7.25,29.43
41,3_8,1o,63.26,2.04,34.7
42,2_7,2osame,63.21,2.13,34.66
43,4_9,1o,63.09,2.05,34.86
44,3_8,2osame,63.05,2.12,34.83
45,2_8,1o,63.03,2.04,34.93
46,2_9,1o,62.98,2.06,34.95
47,3_4,1o,62.94,2.11,34.95
48,3_4,1o,62.94,2.1,34.96
49,2_7,2odifferent,62.93,2.02,35.05
50,4_9,2osame,62.88,2.13,34.99
51,3_9,1o,62.86,2.05,35.09
52,2_5,2s,62.82,7.77,29.41
53,2_8,2osame,62.82,2.12,35.06
54,3_8,2odifferent,62.78,1.98,35.24
55,2_6,2osame,62.78,2.14,35.08
56,2_9,2osame,62.78,2.14,35.08
57,2_7,1o,62.73,2.09,35.17
58,3_9,2osame,62.65,2.13,35.22
59,4_9,2odifferent,62.61,1.98,35.41
60,3_8,1o,62.58,2.06,35.36
61,3_7,2osame,62.58,2.13,35.3
62,2_8,2odifferent,62.56,2.0,35.44
63,2_9,2odifferent,62.51,2.03,35.47
64,3_4,2odifferent,62.45,2.04,35.51
65,4_8,2osame,62.43,2.12,35.46
66,4_9,1o,62.41,2.06,35.53
67,3_9,2odifferent,62.38,2.0,35.62
68,2_8,1o,62.35,2.08,35.56
69,2_6,1o,62.33,2.06,35.61
70,2_9,1o,62.31,2.1,35.59
71,3_9,1o,62.18,2.07,35.74
72,3_7,1o,62.13,2.05,35.83
73,2_6,2osame,62.1,2.14,35.76
74,5_8,2s,62.0,7.09,30.91
75,4_8,1o,61.97,2.03,35.99
76,3_7,2osame,61.89,2.12,35.98
77,2_6,2odifferent,61.87,2.02,36.11
78,4_8,2osame,61.74,2.11,36.15
79,3_7,2odifferent,61.66,1.99,36.35
80,2_6,1o,61.65,2.1,36.25
81,4_8,2odifferent,61.51,1.96,36.52
82,3_6,2osame,61.47,2.13,36.39
83,3_7,1o,61.44,2.07,36.49
84,2_3,1s,61.4,2.06,36.54
85,3_5,2s,61.3,7.65,31.06
86,4_8,1o,61.3,2.04,36.66
87,4_7,2osame,61.27,2.12,36.61
88,2_4,1s,61.25,2.05,36.7
89,3_6,1o,61.05,2.05,36.9
90,4_7,1o,60.85,2.04,37.12
91,3_6,2osame,60.79,2.13,37.08
92,5_7,2s,60.67,7.01,32.32
93,3_6,2odifferent,60.6,1.99,37.41
94,4_7,2osame,60.59,2.11,37.3
95,4_7,2odifferent,60.4,1.97,37.63
96,3_6,1o,60.36,2.07,37.57
97,4_6,2osame,60.17,2.12,37.7
98,4_7,1o,60.16,2.04,37.79
99,2_3,2s,60.09,2.0,37.92
100,2_4,2s,59.95,1.98,38.07
101,3_4,1s,59.8,2.04,38.15
102,4_5,2s,59.78,7.52,32.7
103,2_7,1s,59.77,2.01,38.22
104,4_6,1o,59.76,2.04,38.19
105,5_6,2s,59.67,6.93,33.4
106,3_8,1s,59.63,2.0,38.37
107,4_9,1s,59.48,2.01,38.51
108,4_6,2osame,59.48,2.12,38.4
109,2_8,1s,59.42,2.0,38.58
110,2_9,1s,59.39,2.02,38.59
111,4_6,2odifferent,59.34,1.97,38.69
112,3_9,1s,59.26,2.01,38.73
113,4_6,1o,59.08,2.05,38.87
114,2_7,2s,58.94,1.93,39.13
115,3_8,2s,58.8,1.92,39.28
116,2_6,1s,58.7,2.01,39.29
117,4_9,2s,58.66,1.93,39.41
118,3_4,2s,58.6,1.97,39.43
119,2_8,2s,58.59,1.92,39.49
120,2_9,2s,58.55,1.94,39.52
121,3_7,1s,58.51,2.0,39.49
122,3_9,2s,58.44,1.93,39.63
123,4_8,1s,58.38,1.99,39.63
124,2_6,2s,57.95,1.93,40.12
125,3_7,2s,57.77,1.92,40.31
126,4_8,2s,57.64,1.91,40.45
127,3_6,1s,57.44,2.0,40.56
128,4_7,1s,57.26,1.99,40.75
129,3_6,2s,56.77,1.93,41.3
130,4_7,2s,56.6,1.91,41.49
131,4_6,1s,56.19,2.0,41.82
132,6_8,2osame,55.81,2.07,42.12
133,6_8,2osame,55.81,2.07,42.12
134,6_8,2odifferent,55.8,1.91,42.29
135,4_6,2s,55.61,1.92,42.47
136,6_8,1o,55.47,1.99,42.54
137,6_8,1o,55.47,1.99,42.54
138,6_7,2odifferent,54.91,1.92,43.17
139,6_7,2osame,54.89,2.07,43.03
140,6_7,2osame,54.89,2.07,43.04
141,6_7,1o,54.57,1.99,43.44
142,6_7,1o,54.57,1.99,43.44
143,6_9,2odifferent,54.25,4.4,41.35
144,6_9,2osame,54.25,4.59,41.15
145,6_9,2osame,54.25,4.59,41.15
146,6_9,1o,53.92,4.49,41.59
147,6_9,1o,53.91,4.49,41.6
148,6_8,1s,52.69,1.95,45.36
149,6_8,2s,52.2,1.87,45.92
150,7_8,2odifferent,52.0,4.29,43.71
151,7_8,2osame,51.93,4.49,43.59
152,7_8,2osame,51.93,4.49,43.59
153,6_7,1s,51.8,1.95,46.25
154,7_8,1o,51.62,4.39,43.99
155,7_8,1o,51.62,4.39,43.99
156,6_7,2s,51.38,1.88,46.74
157,6_9,1s,51.3,4.28,44.42
158,7_9,2odifferent,50.88,3.96,45.16
159,7_9,2osame,50.81,4.15,45.04
160,7_9,2osame,50.81,4.15,45.04
161,6_9,2s,50.76,4.18,45.06
162,7_9,1o,50.51,4.06,45.44
163,7_9,1o,50.5,4.06,45.44
164,7_8,1s,49.1,4.18,46.72
165,7_8,2s,48.66,4.08,47.26
166,7_9,1s,48.11,3.88,48.01
167,7_9,2s,47.62,3.78,48.6
168,8_9,2odifferent,47.36,4.12,48.52
169,8_9,2osame,47.22,4.31,48.47
170,8_9,2osame,47.22,4.31,48.47
171,8_9,1o,46.95,4.21,48.84
172,8_9,1o,46.95,4.21,48.84
173,2_2,2osame,46.63,1.9,51.47
174,2_2,1o,46.25,1.86,51.89
175,2_2,2odifferent,45.86,1.83,52.31
176,3_3,2osame,45.76,1.6,52.64
177,3_3,1o,45.39,1.54,53.06
178,3_3,2odifferent,45.02,1.49,53.49
179,4_4,2osame,44.94,1.33,53.73
180,8_9,1s,44.8,4.02,51.18
181,4_4,1o,44.58,1.26,54.16
182,8_9,2s,44.34,3.92,51.74
183,4_4,2odifferent,44.2,1.2,54.6
184,2_K,1o,41.06,0.74,58.21
185,2_K,2odifferent,40.83,0.7,58.47
186,2_Q,1o,40.7,1.0,58.3
187,3_K,1o,40.67,0.73,58.61
188,2_K,2osame,40.61,0.81,58.57
189,2_K,2osame,40.61,0.82,58.58
190,2_Q,2odifferent,40.47,0.96,58.56
191,3_K,2odifferent,40.44,0.67,58.88
192,2_K,1o,40.39,0.78,58.84
193,2_J,1o,40.34,2.32,57.34
194,3_Q,1o,40.31,0.99,58.71
195,4_K,1o,40.28,0.71,59.01
196,2_Q,2osame,40.25,1.07,58.68
197,2_Q,2osame,40.24,1.08,58.68
198,3_K,2osame,40.21,0.81,58.98
199,3_K,2osame,40.21,0.8,58.98
200,2_A,1o,40.18,0.5,59.32
201,2_J,2odifferent,40.12,2.28,57.6
202,3_Q,2odifferent,40.09,0.93,58.98
203,4_K,2odifferent,40.06,0.65,59.29
204,2_Q,1o,40.03,1.04,58.93
205,3_K,1o,40.0,0.75,59.26
206,2_A,2odifferent,39.96,0.47,59.57
207,3_J,1o,39.95,2.36,57.69
208,4_Q,1o,39.92,0.97,59.11
209,2_J,2osame,39.89,2.41,57.71
210,2_J,2osame,39.88,2.41,57.71
211,3_Q,2osame,39.85,1.06,59.09
212,3_Q,2osame,39.85,1.06,59.09
213,4_K,2osame,39.82,0.79,59.39
214,4_K,2osame,39.82,0.79,59.39
215,3_A,1o,39.79,0.49,59.72
216,3_J,2odifferent,39.74,2.29,57.97
217,2_A,2osame,39.72,0.58,59.7
218,2_A,2osame,39.71,0.58,59.71
219,4_Q,2odifferent,39.71,0.91,59.39
220,2_J,1o,39.67,2.36,57.97
221,3_Q,1o,39.64,1.01,59.35
222,4_K,1o,39.61,0.72,59.67
223,3_A,2odifferent,39.58,0.44,59.99
224,4_J,1o,39.56,2.34,58.1
225,2_A,1o,39.51,0.54,59.95
226,3_J,2osame,39.49,2.44,58.07
227,3_J,2osame,39.48,2.44,58.08
228,4_Q,2osame,39.45,1.05,59.5
229,4_Q,2osame,39.45,1.05,59.5
230,4_A,1o,39.4,0.48,60.12
231,4_J,2odifferent,39.35,2.27,58.38
232,3_A,2osame,39.32,0.57,60.11
233,3_A,2osame,39.32,0.56,60.12
234,3_J,1o,39.28,2.38,58.34
235,4_Q,1o,39.25,0.98,59.77
236,4_A,2odifferent,39.19,0.41,60.39
237,3_A,1o,39.12,0.51,60.37
238,4_J,2osame,39.09,2.43,58.48
239,4_J,2osame,39.08,2.43,58.48
240,4_A,2osame,38.92,0.56,60.52
241,4_A,2osame,38.92,0.55,60.53
242,4_J,1o,38.89,2.35,58.76
243,2_K,1s,38.84,0.78,60.38
244,4_A,1o,38.72,0.49,60.79
245,2_Q,1s,38.52,1.02,60.45
246,3_K,1s,38.47,0.77,60.76
247,2_K,2s,38.24,0.7,61.07
248,2_J,1s,38.21,2.26,59.53
249,3_Q,1s,38.16,1.01,60.83
250,4_K,1s,38.11,0.76,61.14
251,2_A,1s,37.95,0.55,61.49
252,2_Q,2s,37.93,0.94,61.13
253,3_K,2s,37.9,0.69,61.42
254,3_J,1s,37.84,2.29,59.87
255,4_Q,1s,37.79,1.0,61.21
256,2_J,2s,37.61,2.17,60.21
257,3_A,1s,37.58,0.54,61.87
258,3_Q,2s,37.58,0.94,61.48
259,4_K,2s,37.55,0.68,61.77
260,4_J,1s,37.47,2.28,60.25
261,2_A,2s,37.43,0.47,62.1
262,3_J,2s,37.27,2.21,60.52
263,4_Q,2s,37.24,0.93,61.83
264,4_A,1s,37.22,0.53,62.25
265,3_A,2s,37.08,0.47,62.45
266,4_J,2s,36.93,2.2,60.87
267,4_A,2s,36.74,0.46,62.8
268,6_A,2odifferent,36.71,0.37,62.92
269,9_A,2odifferent,36.7,0.36,62.93
270,8_K,2odifferent,36.67,0.6,62.73
271,6_K,2odifferent,36.43,0.59,62.98
272,8_A,2odifferent,36.42,0.35,63.23
273,7_A,2odifferent,36.42,0.35,63.23
274,7_K,2odifferent,36.38,0.59,63.02
275,6_A,2osame,36.33,0.52,63.16
276,7_Q,2odifferent,36.32,0.86,62.82
277,9_A,2osame,36.32,0.51,63.16
278,8_K,2osame,36.29,0.75,62.96
279,6_A,1o,36.19,0.44,63.37
280,6_A,1o,36.18,0.44,63.38
281,9_A,1o,36.18,0.43,63.39
282,9_A,1o,36.18,0.43,63.39
283,8_K,1o,36.15,0.67,63.18
284,8_K,1o,36.14,0.67,63.18
285,6_Q,2odifferent,36.07,0.85,63.07
286,6_K,2osame,36.03,0.74,63.23
287,8_A,2osame,36.02,0.5,63.47
288,7_A,2osame,36.02,0.5,63.48
289,7_K,2osame,35.99,0.74,63.27
290,6_J,2odifferent,35.97,1.29,62.75
291,7_Q,2osame,35.92,1.01,63.06
292,6_K,1o,35.9,0.67,63.43
293,8_A,1o,35.89,0.42,63.69
294,7_A,1o,35.89,0.43,63.69
295,6_K,1o,35.89,0.67,63.45
296,8_A,1o,35.88,0.42,63.69
297,7_A,1o,35.88,0.43,63.7
298,7_K,1o,35.86,0.66,63.48
299,7_K,1o,35.85,0.66,63.49
300,7_Q,1o,35.79,0.93,63.27
301,9_K,2odifferent,35.78,0.6,63.62
302,7_Q,1o,35.78,0.93,63.28
303,6_Q,2osame,35.67,1.0,63.33
304,9_A,2osame,35.65,0.51,63.84
305,6_A,2osame,35.65,0.52,63.83
306,8_K,2osame,35.61,0.75,63.64
307,6_J,2osame,35.56,1.44,63.0
308,6_Q,1o,35.54,0.93,63.53
309,6_Q,1o,35.53,0.93,63.54
310,6_J,1o,35.43,1.36,63.21
311,6_J,1o,35.42,1.36,63.22
312,8_Q,2odifferent,35.42,0.86,63.71
313,9_K,2osame,35.37,0.75,63.87
314,6_K,2osame,35.35,0.75,63.91
315,8_A,2osame,35.34,0.5,64.15
316,7_A,2osame,35.34,0.51,64.15
317,7_K,2osame,35.31,0.74,63.95
318,9_K,1o,35.24,0.68,64.08
319,9_K,1o,35.24,0.68,64.09
320,7_Q,2osame,35.24,1.01,63.75
321,7_J,2odifferent,35.07,1.29,63.64
322,8_Q,2osame,35.0,1.02,63.99
323,6_Q,2osame,34.98,1.0,64.01
324,8_Q,1o,34.88,0.94,64.19
325,8_Q,1o,34.87,0.94,64.19
326,6_J,2osame,34.87,1.44,63.69
327,9_A,1s,34.73,0.5,64.77
328,6_A,1s,34.7,0.5,64.8
329,8_K,1s,34.7,0.73,64.57
330,9_K,2osame,34.69,0.75,64.56
331,7_J,2osame,34.63,1.44,63.93
332,9_Q,2odifferent,34.53,0.86,64.6
333,7_J,1o,34.52,1.36,64.12
334,7_J,1o,34.51,1.36,64.13
335,8_A,1s,34.44,0.49,65.07
336,6_K,1s,34.43,0.72,64.85
337,7_A,1s,34.42,0.49,65.08
338,7_K,1s,34.41,0.72,64.87
339,7_Q,1s,34.37,0.97,64.66
340,6_A,2s,34.32,0.42,65.26
341,8_Q,2osame,34.31,1.01,64.67
342,9_A,2s,34.31,0.42,65.27
343,8_K,2s,34.28,0.65,65.07
344,8_J,2odifferent,34.17,1.29,64.54
345,6_Q,1s,34.12,0.96,64.92
346,9_Q,2osame,34.08,1.02,64.9
347,6_K,2s,34.05,0.64,65.31
348,8_A,2s,34.05,0.42,65.54
349,7_A,2s,34.05,0.42,65.54
350,6_J,1s,34.03,1.37,64.6
351,7_K,2s,34.02,0.64,65.34
352,9_Q,1o,33.97,0.94,65.09
353,9_Q,1o,33.97,0.94,65.1
354,7_Q,2s,33.97,0.89,65.14
355,2_T,1o,33.95,44.85,21.2
356,7_J,2osame,33.94,1.44,64.62
357,3_T,1o,33.87,44.75,21.38
358,9_K,1s,33.85,0.73,65.42
359,2_T,2odifferent,33.82,44.27,21.91
360,6_Q,2s,33.74,0.89,65.37
361,3_T,2odifferent,33.74,44.16,22.1
362,8_J,2osame,33.71,1.44,64.85
363,6_J,2s,33.66,1.29,65.05
364,8_J,1o,33.61,1.36,65.03
365,8_J,1o,33.6,1.36,65.04
366,8_Q,1s,33.51,0.97,65.52
367,4_T,1o,33.49,44.97,21.55
368,9_K,2s,33.45,0.65,65.91
369,2_T,2osame,33.43,45.44,21.13
370,9_Q,2osame,33.39,1.02,65.59
371,4_T,2odifferent,33.36,44.36,22.28
372,3_T,2osame,33.35,45.34,21.31
373,9_J,2odifferent,33.28,1.29,65.43
374,2_T,1o,33.25,44.87,21.88
375,7_J,1s,33.18,1.37,65.45
376,3_T,1o,33.16,44.76,22.08
377,8_Q,2s,33.13,0.89,65.98
378,K_A,2odifferent,33.08,0.38,66.54
379,8_J,2osame,33.02,1.44,65.54
380,4_T,2osame,32.95,45.56,21.48
381,7_J,2s,32.82,1.29,65.89
382,9_J,2osame,32.79,1.44,65.77
383,4_T,1o,32.78,44.96,22.26
384,Q_A,2odifferent,32.76,0.37,66.87
385,9_J,1o,32.7,1.36,65.94
386,9_J,1o,32.69,1.36,65.94
387,9_Q,1s,32.66,0.98,66.36
388,2_T,1s,32.49,42.4,25.11
389,K_A,1o,32.48,0.46,67.07
390,K_A,1o,32.48,0.46,67.07
391,J_A,2odifferent,32.44,0.36,67.2
392,3_T,1s,32.4,42.31,25.29
393,8_J,1s,32.32,1.37,66.3
394,9_Q,2s,32.29,0.89,66.81
395,Q_A,1o,32.15,0.45,67.4
396,Q_A,1o,32.15,0.45,67.4
397,9_J,2osame,32.09,1.44,66.46
398,4_T,1s,32.04,42.5,25.46
399,Q_K,2odifferent,32.01,0.61,67.37
400,8_J,2s,31.98,1.29,66.73
401,K_A,2osame,31.87,0.54,67.6
402,K_A,2osame,31.86,0.53,67.6
403,2_T,2s,31.83,41.74,26.43
404,J_A,1o,31.83,0.44,67.74
405,J_A,1o,31.83,0.44,67.74
406,3_T,2s,31.77,41.65,26.59
407,J_K,2odifferent,31.69,0.6,67.7
408,Q_A,2osame,31.54,0.53,67.94
409,Q_A,2osame,31.53,0.52,67.94
410,9_J,1s,31.47,1.38,67.15
411,4_T,2s,31.43,41.84,26.73
412,Q_K,1o,31.39,0.69,67.92
413,Q_K,1o,31.39,0.69,67.92
414,J_A,2osame,31.21,0.52,68.28
415,J_A,2osame,31.2,0.51,68.29
416,9_J,2s,31.14,1.29,67.57
417,K_A,1s,31.12,0.52,68.36
418,J_K,1o,31.07,0.68,68.25
419,J_K,1o,31.07,0.68,68.26
420,Q_A,1s,30.83,0.51,68.66
421,K_A,2s,30.78,0.44,68.79
422,Q_K,2osame,30.76,0.77,68.47
423,Q_K,2osame,30.76,0.77,68.47
424,J_Q,2odifferent,30.63,0.87,68.51
425,J_A,1s,30.55,0.5,68.95
426,Q_A,2s,30.5,0.43,69.07
427,J_K,2osame,30.43,0.76,68.82
428,J_K,2osame,30.43,0.76,68.81
429,5_5,2odifferent,30.42,3.09,66.48
430,J_A,2s,30.22,0.42,69.36
431,Q_K,1s,30.13,0.74,69.13
432,J_Q,1o,29.98,0.94,69.08
433,J_Q,1o,29.98,0.94,69.08
434,6_6,2odifferent,29.89,0.91,69.2
435,J_K,1s,29.84,0.73,69.43
436,Q_K,2s,29.8,0.65,69.55
437,J_K,2s,29.52,0.65,69.83
438,6_6,2osame,29.46,1.06,69.47
439,J_Q,2osame,29.33,1.02,69.65
440,J_Q,2osame,29.33,1.02,69.66
441,6_6,1o,29.32,0.98,69.7
442,7_7,2odifferent,29.32,0.73,69.96
443,7_7,2osame,28.88,0.88,70.24
444,J_Q,1s,28.83,0.98,70.19
445,8_8,2odifferent,28.78,0.58,70.64
446,7_7,1o,28.74,0.8,70.46
447,J_Q,2s,28.54,0.89,70.56
448,8_8,2osame,28.34,0.73,70.93
449,9_9,2odifferent,28.28,0.46,71.25
450,8_8,1o,28.2,0.65,71.15
451,9_9,2osame,27.84,0.62,71.54
452,9_9,1o,27.7,0.54,71.76
453,5_A,2odifferent,24.46,2.41,73.14
454,5_K,2odifferent,24.35,3.6,72.05
455,5_Q,2odifferent,23.96,4.65,71.39
456,5_A,1o,23.76,2.51,73.74
457,5_A,2osame,23.71,2.61,73.69
458,5_K,1o,23.65,3.71,72.64
459,5_K,2osame,23.6,3.83,72.57
460,5_J,2odifferent,23.56,6.03,70.41
461,T_K,2odifferent,23.41,3.47,73.12
462,T_A,2odifferent,23.3,2.47,74.23
463,5_Q,1o,23.25,4.78,71.97
464,5_Q,2osame,23.2,4.9,71.9
465,T_Q,2odifferent,23.11,4.42,72.47
466,5_A,2s,22.88,2.35,74.77
467,5_J,1o,22.85,6.17,70.98
468,T_J,2odifferent,22.82,5.32,71.86
469,5_K,2s,22.79,3.49,73.72
470,5_J,2osame,22.79,6.32,70.9
471,8_T,2odifferent,22.72,20.48,56.8
472,T_K,1o,22.69,3.59,73.72
473,7_T,2odifferent,22.67,27.1,50.23
474,T_K,1o,22.64,3.59,73.78
475,T_A,1o,22.59,2.57,74.85
476,6_T,2odifferent,22.57,35.33,42.1
477,T_A,1o,22.53,2.57,74.9
478,5_Q,2s,22.45,4.52,73.04
479,9_T,2odifferent,22.43,15.37,62.21
480,T_Q,1o,22.4,4.54,73.06
481,T_Q,1o,22.34,4.54,73.12
482,T_K,1s,22.18,3.54,74.27
483,T_A,1s,22.1,2.54,75.37
484,5_J,2s,22.1,5.85,72.06
485,T_J,1o,22.1,5.45,72.45
486,T_J,1o,22.04,5.45,72.51
487,8_T,1o,21.99,20.76,57.25
488,8_T,1o,21.94,20.75,57.31
489,7_T,1o,21.94,27.46,50.6
490,8_T,2osame,21.93,21.03,57.04
491,T_K,2osame,21.91,3.71,74.39
492,T_Q,1s,21.9,4.49,73.61
493,7_T,1o,21.89,27.46,50.65
494,7_T,2osame,21.88,27.82,50.3
495,T_K,2s,21.86,3.41,74.73
496,6_T,1o,21.83,35.81,42.36
497,T_A,2osame,21.8,2.68,75.52
498,6_T,1o,21.79,35.81,42.41
499,T_A,2s,21.78,2.42,75.8
500,6_T,2osame,21.77,36.28,41.95
501,9_T,1o,21.7,15.58,62.73
502,9_T,1o,21.64,15.58,62.78
503,9_T,2osame,21.63,15.79,62.58
504,T_J,1s,21.61,5.4,73.0
505,T_Q,2osame,21.6,4.67,73.72
506,T_Q,2s,21.59,4.35,74.06
507,8_T,1s,21.52,19.81,58.67
508,7_T,1s,21.49,26.11,52.4
509,6_T,1s,21.4,33.93,44.67
510,T_J,2s,21.33,5.24,73.43
511,T_J,2osame,21.3,5.59,73.11
512,8_T,2s,21.24,19.5,59.25
513,9_T,1s,21.23,14.93,63.83
514,7_T,2s,21.21,25.71,53.08
515,6_T,2s,21.13,33.42,45.46
516,9_T,2s,20.96,14.69,64.35
517,A_A,2odifferent,13.52,0.3,86.18
518,K_K,2odifferent,13.52,0.32,86.16
519,Q_Q,2odifferent,13.23,0.31,86.46
520,J_J,2odifferent,12.94,0.33,86.73
521,A_A,1o,12.72,0.38,86.91
522,K_K,1o,12.72,0.39,86.89
523,Q_Q,1o,12.43,0.39,87.19
524,J_J,1o,12.13,0.41,87.46
525,A_A,2osame,11.91,0.46,87.63
526,K_K,2osame,11.91,0.47,87.62
527,Q_Q,2osame,11.61,0.47,87.92
528,J_J,2osame,11.31,0.48,88.2
529,T_T,2odifferent,6.14,3.25,90.61
530,T_T,1o,5.21,3.35,91.44
531,5_T,2s,2.17,90.68,7.16
532,5_T,2odifferent,2.17,95.67,2.17
533,5_T,1o,1.1,97.09,1.81
534,5_T,2osame,0.74,98.52,0.74
