,vs_Hand,type,Equity_%,Draws_%,Loses_%
0,2_8,2osame,74.03,5.01,20.97
1,3_8,2osame,73.91,4.99,21.1
2,2_8,1o,73.43,4.87,21.7
3,3_8,1o,73.31,4.85,21.84
4,2_8,2odifferent,72.77,4.78,22.45
5,3_8,2odifferent,72.65,4.75,22.6
6,4_8,2osame,72.23,4.85,22.92
7,4_8,1o,71.65,4.72,23.63
8,8_J,2osame,71.23,4.24,24.53
9,4_8,2odifferent,71.01,4.6,24.38
10,8_J,2odifferent,70.74,4.0,25.26
11,8_J,1o,70.65,4.12,25.23
12,5_8,2osame,70.55,4.72,24.74
13,5_8,1o,69.99,4.59,25.42
14,8_T,2osame,69.66,4.13,26.21
15,7_8,2osame,69.63,4.54,25.83
16,5_8,2odifferent,69.38,4.46,26.15
17,6_8,2osame,69.33,4.54,26.13
18,8_T,2odifferent,69.22,3.89,26.89
19,8_T,1o,69.11,4.01,26.89
20,7_8,1o,69.09,4.41,26.5
21,6_8,1o,68.79,4.41,26.8
22,7_8,2odifferent,68.49,4.28,27.24
23,2_8,2s,68.44,4.61,26.95
24,2_7,2osame,68.43,1.04,30.54
25,2_7,2osame,68.42,1.04,30.54
26,3_8,2s,68.32,4.59,27.09
27,6_8,2odifferent,68.19,4.28,27.52
28,8_9,2osame,68.18,4.03,27.79
29,2_7,1o,67.87,1.0,31.12
30,2_7,1o,67.87,0.96,31.17
31,8_9,2odifferent,67.79,3.78,28.43
32,8_9,1o,67.65,3.9,28.44
33,2_7,2odifferent,67.32,0.92,31.76
34,2_6,2osame,67.08,1.03,31.89
35,2_6,2osame,67.07,1.03,31.9
36,3_7,2osame,67.0,1.04,31.96
37,3_7,2osame,67.0,1.04,31.96
38,4_8,2s,66.79,4.48,28.73
39,8_J,2s,66.57,3.92,29.51
40,2_6,1o,66.55,0.99,32.46
41,2_6,1o,66.55,0.95,32.5
42,3_7,1o,66.47,0.98,32.54
43,3_7,1o,66.47,0.96,32.57
44,2_3,2osame,66.19,1.09,32.72
45,2_3,2osame,66.19,1.09,32.72
46,2_6,2odifferent,66.02,0.92,33.07
47,3_7,2odifferent,65.94,0.9,33.16
48,2_3,1o,65.67,1.03,33.3
49,2_3,1o,65.67,1.05,33.28
50,2_4,2osame,65.67,1.08,33.26
51,2_4,2osame,65.66,1.08,33.26
52,3_6,2osame,65.66,1.03,33.32
53,3_6,2osame,65.66,1.03,33.31
54,4_7,2osame,65.48,1.03,33.5
55,4_7,2osame,65.47,1.03,33.5
56,2_5,2osame,65.45,1.06,33.49
57,2_5,2osame,65.45,1.06,33.48
58,5_8,2s,65.26,4.37,30.36
59,8_T,2s,65.16,3.83,31.01
60,2_4,1o,65.16,1.01,33.83
61,3_6,1o,65.15,0.97,33.88
62,2_3,2odifferent,65.15,1.0,33.85
63,2_4,1o,65.15,1.04,33.81
64,3_6,1o,65.15,0.95,33.9
65,2_J,2osame,65.09,1.04,33.87
66,2_9,2osame,65.04,1.03,33.93
67,3_J,2osame,65.04,1.04,33.92
68,6_J,2osame,65.04,0.97,33.99
69,2_T,2osame,65.03,1.03,33.95
70,3_9,2osame,64.99,1.03,33.99
71,3_T,2osame,64.98,1.03,34.0
72,4_7,1o,64.97,0.95,34.08
73,4_7,1o,64.97,0.96,34.07
74,2_5,1o,64.95,1.03,34.03
75,2_5,1o,64.95,0.99,34.06
76,4_9,2osame,64.8,1.03,34.17
77,5_T,2osame,64.67,1.01,34.31
78,2_4,2odifferent,64.64,0.97,34.38
79,3_6,2odifferent,64.63,0.9,34.47
80,2_7,1s,64.62,0.99,34.39
81,2_J,1o,64.61,0.96,34.44
82,3_4,2osame,64.61,1.08,34.32
83,3_4,2osame,64.61,1.08,34.32
84,4_J,2osame,64.56,1.03,34.42
85,3_J,1o,64.56,0.96,34.49
86,2_9,1o,64.56,0.95,34.49
87,6_J,1o,64.55,0.89,34.56
88,2_T,1o,64.54,0.95,34.51
89,3_9,1o,64.51,0.95,34.54
90,3_T,1o,64.49,0.95,34.56
91,4_T,2osame,64.49,1.02,34.5
92,4_7,2odifferent,64.46,0.88,34.66
93,2_5,2odifferent,64.44,0.96,34.61
94,2_J,2osame,64.41,1.04,34.55
95,7_8,2s,64.41,4.22,31.37
96,5_J,2osame,64.38,1.01,34.6
97,3_J,2osame,64.36,1.04,34.61
98,2_9,2osame,64.35,1.03,34.62
99,6_J,2osame,64.35,0.97,34.68
100,2_T,2osame,64.34,1.03,34.63
101,4_9,1o,64.32,0.95,34.73
102,3_9,2osame,64.3,1.03,34.67
103,3_T,2osame,64.29,1.03,34.68
104,5_T,1o,64.19,0.94,34.87
105,6_8,2s,64.15,4.22,31.63
106,4_6,2osame,64.13,1.02,34.85
107,4_6,2osame,64.13,1.02,34.85
108,2_J,2odifferent,64.12,0.92,34.96
109,3_4,1o,64.11,1.01,34.88
110,3_4,1o,64.11,1.02,34.87
111,4_9,2osame,64.11,1.03,34.86
112,7_J,2osame,64.11,0.98,34.91
113,3_5,2osame,64.09,1.06,34.85
114,3_5,2osame,64.09,1.06,34.85
115,4_J,1o,64.08,0.95,34.98
116,6_J,2odifferent,64.07,0.82,35.12
117,2_9,2odifferent,64.07,0.91,35.01
118,3_J,2odifferent,64.07,0.9,35.03
119,2_T,2odifferent,64.06,0.91,35.03
120,3_9,2odifferent,64.02,0.89,35.08
121,4_T,1o,64.01,0.94,35.05
122,3_T,2odifferent,64.01,0.89,35.1
123,5_7,2osame,63.99,1.02,34.99
124,5_T,2osame,63.99,1.02,35.0
125,5_7,2osame,63.98,1.02,35.0
126,2_J,1o,63.93,1.0,35.07
127,5_J,1o,63.91,0.93,35.16
128,3_J,1o,63.88,0.98,35.14
129,2_9,1o,63.87,0.99,35.13
130,4_J,2osame,63.87,1.03,35.1
131,6_J,1o,63.87,0.89,35.23
132,2_T,1o,63.86,0.99,35.15
133,4_9,2odifferent,63.84,0.88,35.28
134,3_9,1o,63.82,0.97,35.2
135,8_9,2s,63.81,3.75,32.44
136,3_T,1o,63.81,0.97,35.22
137,4_T,2osame,63.8,1.02,35.18
138,6_T,2osame,63.79,0.96,35.24
139,5_T,2odifferent,63.71,0.86,35.42
140,5_J,2osame,63.7,1.01,35.29
141,4_6,1o,63.65,0.95,35.4
142,4_6,1o,63.65,0.94,35.41
143,7_J,1o,63.64,0.9,35.46
144,4_9,1o,63.64,0.96,35.4
145,3_4,2odifferent,63.61,0.95,35.43
146,3_5,1o,63.6,0.99,35.41
147,3_5,1o,63.6,1.01,35.39
148,4_J,2odifferent,63.6,0.88,35.52
149,4_T,2odifferent,63.54,0.87,35.59
150,5_7,1o,63.51,0.95,35.54
151,5_T,1o,63.51,0.94,35.54
152,5_7,1o,63.51,0.94,35.55
153,5_9,2osame,63.5,1.02,35.48
154,5_J,2odifferent,63.43,0.86,35.71
155,7_J,2osame,63.42,0.98,35.6
156,4_J,1o,63.4,0.96,35.64
157,2_6,1s,63.37,0.98,35.65
158,6_T,1o,63.33,0.88,35.79
159,4_T,1o,63.33,0.95,35.72
160,3_7,1s,63.31,0.99,35.7
161,5_J,1o,63.23,0.94,35.83
162,7_J,2odifferent,63.16,0.83,36.01
163,4_6,2odifferent,63.16,0.88,35.97
164,2_7,2s,63.13,0.91,35.96
165,3_5,2odifferent,63.11,0.94,35.95
166,6_T,2osame,63.1,0.96,35.94
167,5_9,1o,63.05,0.94,36.02
168,5_7,2odifferent,63.02,0.87,36.11
169,7_J,1o,62.95,0.91,36.14
170,6_7,2osame,62.91,0.97,36.12
171,6_7,2osame,62.91,0.97,36.12
172,7_T,2osame,62.86,0.98,36.16
173,6_T,2odifferent,62.86,0.81,36.33
174,5_9,2osame,62.81,1.02,36.17
175,5_6,2osame,62.64,1.01,36.35
176,6_T,1o,62.64,0.89,36.47
177,5_6,2osame,62.64,1.01,36.35
178,6_9,2osame,62.62,0.97,36.41
179,5_9,2odifferent,62.58,0.87,36.55
180,4_5,2osame,62.56,1.06,36.38
181,4_5,2osame,62.56,1.05,36.38
182,2_3,1s,62.55,1.04,36.41
183,6_7,1o,62.46,0.89,36.65
184,6_7,1o,62.45,0.89,36.66
185,7_T,1o,62.41,0.9,36.69
186,5_9,1o,62.36,0.95,36.7
187,5_6,1o,62.19,0.94,36.88
188,6_9,1o,62.18,0.89,36.93
189,5_6,1o,62.18,0.93,36.88
190,7_T,2osame,62.17,0.98,36.86
191,4_5,1o,62.1,0.99,36.91
192,4_5,1o,62.1,0.98,36.92
193,2_4,1s,62.07,1.03,36.91
194,3_6,1s,62.06,0.98,36.96
195,6_7,2odifferent,61.98,0.81,37.2
196,7_T,2odifferent,61.96,0.82,37.22
197,6_9,2osame,61.93,0.97,37.11
198,2_6,2s,61.93,0.9,37.17
199,2_5,1s,61.86,1.02,37.12
200,3_7,2s,61.85,0.91,37.25
201,4_7,1s,61.84,0.98,37.18
202,7_9,2osame,61.74,0.98,37.29
203,6_9,2odifferent,61.73,0.81,37.46
204,5_6,2odifferent,61.72,0.86,37.42
205,7_T,1o,61.72,0.9,37.38
206,4_5,2odifferent,61.63,0.91,37.45
207,6_9,1o,61.49,0.89,37.62
208,7_9,1o,61.31,0.9,37.79
209,2_3,2s,61.1,0.97,37.93
210,3_4,1s,61.09,1.03,37.89
211,7_9,2osame,61.04,0.98,37.98
212,2_J,1s,60.94,0.99,38.07
213,3_J,1s,60.89,0.99,38.12
214,2_T,1s,60.88,0.99,38.14
215,6_J,1s,60.88,0.93,38.19
216,2_9,1s,60.87,0.98,38.15
217,7_9,2odifferent,60.87,0.82,38.31
218,3_T,1s,60.83,0.98,38.19
219,3_9,1s,60.82,0.98,38.2
220,3_6,2s,60.65,0.9,38.45
221,4_9,1s,60.65,0.98,38.36
222,2_4,2s,60.64,0.95,38.41
223,7_9,1o,60.61,0.9,38.49
224,3_5,1s,60.6,1.02,38.38
225,4_6,1s,60.59,0.97,38.44
226,5_T,1s,60.55,0.97,38.48
227,4_7,2s,60.47,0.9,38.63
228,2_5,2s,60.46,0.94,38.6
229,4_J,1s,60.44,0.98,38.58
230,5_7,1s,60.41,0.97,38.62
231,4_T,1s,60.38,0.97,38.65
232,5_J,1s,60.27,0.97,38.75
233,2_J,2s,60.06,0.91,39.03
234,6_J,2s,60.04,0.85,39.12
235,2_9,2s,60.03,0.9,39.07
236,2_T,2s,60.02,0.9,39.08
237,3_J,2s,60.01,0.91,39.08
238,3_9,2s,59.98,0.9,39.12
239,3_T,2s,59.97,0.9,39.13
240,7_J,1s,59.96,0.94,39.1
241,4_9,2s,59.82,0.9,39.28
242,5_T,2s,59.72,0.89,39.39
243,3_4,2s,59.69,0.95,39.36
244,6_T,1s,59.68,0.92,39.39
245,4_J,2s,59.58,0.9,39.52
246,4_T,2s,59.54,0.89,39.57
247,5_J,2s,59.44,0.89,39.67
248,5_9,1s,59.41,0.97,39.62
249,6_7,1s,59.36,0.92,39.72
250,4_6,2s,59.27,0.89,39.84
251,3_5,2s,59.23,0.94,39.83
252,7_J,2s,59.2,0.86,39.94
253,5_6,1s,59.16,0.97,39.88
254,4_5,1s,59.14,1.01,39.86
255,5_7,2s,59.14,0.89,39.97
256,6_T,2s,58.93,0.84,40.23
257,7_T,1s,58.77,0.93,40.3
258,5_9,2s,58.66,0.89,40.45
259,6_9,1s,58.54,0.92,40.53
260,6_7,2s,58.17,0.84,40.99
261,7_T,2s,58.09,0.85,41.06
262,5_6,2s,57.93,0.88,41.18
263,6_9,2s,57.87,0.84,41.29
264,4_5,2s,57.86,0.93,41.21
265,7_9,1s,57.67,0.94,41.4
266,7_Q,1o,57.24,20.62,22.14
267,2_Q,1o,57.17,21.08,21.75
268,3_Q,1o,57.14,20.98,21.89
269,7_9,2s,57.07,0.86,42.08
270,7_Q,2osame,57.04,20.88,22.08
271,2_Q,2osame,56.97,21.34,21.69
272,3_Q,2osame,56.94,21.24,21.82
273,6_Q,1o,56.88,20.68,22.44
274,7_Q,2odifferent,56.78,20.34,22.88
275,2_Q,2odifferent,56.71,20.84,22.45
276,3_Q,2odifferent,56.68,20.72,22.6
277,6_Q,2osame,56.67,20.95,22.38
278,4_Q,1o,56.67,20.87,22.46
279,9_T,2osame,56.55,0.99,42.46
280,5_Q,1o,56.55,20.77,22.68
281,9_T,2odifferent,56.55,0.83,42.62
282,9_T,2osame,56.55,0.99,42.46
283,7_Q,1o,56.52,20.61,22.87
284,2_Q,1o,56.46,21.11,22.43
285,4_Q,2osame,56.46,21.14,22.4
286,6_Q,2odifferent,56.43,20.41,23.16
287,3_Q,1o,56.42,20.99,22.58
288,5_Q,2osame,56.33,21.04,22.63
289,4_Q,2odifferent,56.22,20.61,23.17
290,9_T,1o,56.21,0.91,42.88
291,9_T,1o,56.21,0.91,42.88
292,6_Q,1o,56.17,20.68,23.16
293,5_Q,2odifferent,56.1,20.5,23.4
294,4_Q,1o,55.96,20.88,23.17
295,5_Q,1o,55.83,20.77,23.39
296,7_Q,1s,54.33,19.64,26.03
297,2_Q,1s,54.3,20.1,25.6
298,3_Q,1s,54.26,20.0,25.74
299,6_Q,1s,54.0,19.71,26.29
300,4_Q,1s,53.82,19.9,26.28
301,5_Q,1s,53.7,19.8,26.5
302,7_Q,2s,53.37,19.32,27.31
303,9_T,1s,53.37,0.94,45.69
304,2_Q,2s,53.27,19.77,26.95
305,3_Q,2s,53.24,19.67,27.09
306,6_Q,2s,53.05,19.39,27.57
307,9_T,2s,52.94,0.86,46.2
308,4_Q,2s,52.83,19.57,27.6
309,5_Q,2s,52.73,19.48,27.79
310,9_J,2odifferent,48.79,9.61,41.59
311,9_J,2osame,48.7,9.91,41.4
312,9_J,2osame,48.7,9.91,41.39
313,9_J,1o,48.41,9.76,41.83
314,9_J,1o,48.4,9.76,41.84
315,2_2,2osame,48.27,1.21,50.52
316,2_2,1o,47.88,1.17,50.95
317,3_3,2osame,47.79,1.06,51.14
318,2_2,2odifferent,47.49,1.14,51.37
319,3_3,1o,47.41,1.01,51.59
320,3_3,2odifferent,47.01,0.95,52.03
321,4_4,2osame,46.8,0.91,52.29
322,4_4,1o,46.42,0.84,52.73
323,2_K,1o,46.35,2.81,50.84
324,3_K,1o,46.35,2.81,50.84
325,9_J,1s,46.16,9.17,44.67
326,3_K,2odifferent,46.08,2.74,51.18
327,2_K,2odifferent,46.08,2.76,51.16
328,4_4,2odifferent,46.04,0.78,53.18
329,3_K,2osame,45.94,2.91,51.16
330,3_K,2osame,45.94,2.91,51.15
331,2_K,2osame,45.94,2.91,51.15
332,2_K,2osame,45.94,2.91,51.16
333,5_5,2osame,45.91,0.78,53.32
334,4_K,1o,45.91,2.8,51.29
335,9_J,2s,45.72,9.02,45.26
336,3_K,1o,45.68,2.84,51.49
337,2_K,1o,45.68,2.86,51.47
338,4_K,2odifferent,45.65,2.72,51.63
339,5_K,1o,45.57,2.83,51.6
340,5_5,1o,45.54,0.7,53.76
341,4_K,2osame,45.5,2.89,51.61
342,4_K,2osame,45.49,2.89,51.61
343,T_J,2odifferent,45.39,2.55,52.06
344,6_K,1o,45.35,2.82,51.83
345,5_K,2odifferent,45.31,2.74,51.95
346,4_K,1o,45.24,2.81,51.95
347,T_J,2osame,45.21,2.73,52.06
348,T_J,2osame,45.21,2.73,52.06
349,5_5,2odifferent,45.16,0.63,54.21
350,6_6,2osame,45.15,0.63,54.22
351,5_K,2osame,45.14,2.93,51.93
352,5_K,2osame,45.14,2.93,51.93
353,6_K,2odifferent,45.1,2.73,52.17
354,7_7,2osame,44.98,0.58,54.45
355,T_J,1o,44.96,2.64,52.4
356,T_J,1o,44.95,2.64,52.4
357,6_K,2osame,44.92,2.91,52.16
358,6_K,2osame,44.92,2.92,52.16
359,5_K,1o,44.89,2.84,52.27
360,6_6,1o,44.79,0.55,54.66
361,6_K,1o,44.68,2.82,52.5
362,7_7,1o,44.61,0.5,54.9
363,6_6,2odifferent,44.42,0.48,55.11
364,7_7,2odifferent,44.23,0.42,55.35
365,3_A,1o,43.8,2.4,53.8
366,2_A,1o,43.8,2.4,53.8
367,2_K,1s,43.77,2.71,53.52
368,3_K,1s,43.77,2.71,53.52
369,2_A,2odifferent,43.56,2.35,54.1
370,3_A,2odifferent,43.56,2.33,54.12
371,3_A,2osame,43.38,2.49,54.13
372,2_A,2osame,43.38,2.49,54.13
373,4_A,1o,43.37,2.38,54.25
374,2_A,2osame,43.37,2.49,54.14
375,3_A,2osame,43.37,2.49,54.14
376,4_K,1s,43.36,2.7,53.94
377,3_A,1o,43.13,2.42,54.45
378,2_A,1o,43.13,2.44,54.43
379,4_A,2odifferent,43.13,2.3,54.57
380,2_K,2s,43.08,2.61,54.31
381,3_K,2s,43.08,2.61,54.31
382,5_K,1s,43.03,2.73,54.23
383,5_A,1o,42.98,2.42,54.61
384,T_J,1s,42.94,2.56,54.5
385,4_A,2osame,42.93,2.48,54.59
386,4_A,2osame,42.93,2.48,54.59
387,6_K,1s,42.83,2.72,54.45
388,5_A,2odifferent,42.74,2.33,54.93
389,4_A,1o,42.7,2.4,54.9
390,4_K,2s,42.7,2.6,54.7
391,5_A,2osame,42.54,2.51,54.95
392,T_J,2s,42.54,2.46,55.0
393,5_A,2osame,42.53,2.51,54.95
394,5_K,2s,42.4,2.63,54.97
395,5_A,1o,42.31,2.42,55.27
396,6_K,2s,42.22,2.62,55.16
397,2_A,1s,41.39,2.33,56.28
398,3_A,1s,41.39,2.32,56.28
399,6_A,1o,41.24,4.79,53.97
400,7_A,1o,41.24,0.39,58.37
401,6_A,2odifferent,41.02,4.68,54.3
402,7_A,2odifferent,41.02,0.31,58.67
403,7_K,1o,40.99,7.35,51.66
404,4_A,1s,40.99,2.31,56.7
405,6_A,2osame,40.79,4.91,54.3
406,6_A,2osame,40.79,4.91,54.3
407,7_A,2osame,40.79,0.47,58.74
408,7_A,2osame,40.79,0.47,58.74
409,7_K,2odifferent,40.77,7.22,52.01
410,3_A,2s,40.75,2.22,57.03
411,2_A,2s,40.75,2.22,57.03
412,5_A,1s,40.62,2.34,57.04
413,6_A,1o,40.57,4.8,54.63
414,7_A,1o,40.57,0.39,59.04
415,7_K,2osame,40.53,7.48,51.99
416,7_K,2osame,40.53,7.48,51.99
417,4_A,2s,40.37,2.21,57.42
418,7_K,1o,40.31,7.35,52.34
419,5_A,2s,40.02,2.24,57.73
420,6_A,1s,39.01,4.55,56.44
421,7_A,1s,39.01,0.46,60.53
422,7_K,1s,38.77,6.92,54.3
423,6_A,2s,38.43,4.43,57.14
424,7_A,2s,38.43,0.38,61.2
425,7_K,2s,38.2,6.79,55.01
426,9_A,2odifferent,37.21,0.33,62.46
427,9_A,2osame,36.84,0.48,62.68
428,9_A,1o,36.69,0.4,62.9
429,9_A,1o,36.68,0.4,62.92
430,J_A,2odifferent,36.33,0.34,63.34
431,9_A,2osame,36.15,0.48,63.37
432,9_K,2odifferent,36.04,0.58,63.38
433,T_A,2odifferent,35.97,0.33,63.7
434,J_A,2osame,35.93,0.5,63.58
435,J_A,1o,35.79,0.42,63.8
436,J_A,1o,35.78,0.42,63.81
437,9_K,2osame,35.63,0.74,63.64
438,T_A,2osame,35.56,0.49,63.96
439,9_K,1o,35.5,0.66,63.85
440,9_K,1o,35.48,0.66,63.86
441,T_A,1o,35.43,0.41,64.16
442,T_A,1o,35.42,0.41,64.18
443,J_A,2osame,35.23,0.5,64.27
444,9_A,1s,35.22,0.47,64.31
445,J_K,2odifferent,35.15,0.59,64.26
446,9_K,2osame,34.93,0.73,64.33
447,T_A,2osame,34.87,0.49,64.65
448,9_A,2s,34.82,0.39,64.79
449,T_K,2odifferent,34.8,0.58,64.62
450,J_K,2osame,34.71,0.75,64.54
451,J_K,1o,34.59,0.67,64.74
452,J_K,1o,34.58,0.67,64.75
453,J_A,1s,34.37,0.48,65.14
454,T_K,2osame,34.35,0.74,64.92
455,T_K,1o,34.23,0.66,65.11
456,T_K,1o,34.22,0.66,65.12
457,9_K,1s,34.11,0.71,65.18
458,T_A,1s,34.04,0.47,65.49
459,J_K,2osame,34.02,0.75,65.24
460,J_A,2s,33.97,0.4,65.63
461,9_K,2s,33.73,0.63,65.65
462,K_A,2odifferent,33.68,0.35,65.97
463,T_A,2s,33.66,0.39,65.95
464,T_K,2osame,33.65,0.74,65.61
465,J_K,1s,33.27,0.72,66.01
466,K_A,1o,33.07,0.43,66.49
467,K_A,1o,33.07,0.43,66.49
468,T_K,1s,32.93,0.71,66.36
469,J_K,2s,32.88,0.63,66.48
470,T_K,2s,32.57,0.63,66.8
471,K_A,2osame,32.46,0.51,67.03
472,K_A,2osame,32.46,0.51,67.03
473,K_A,1s,31.68,0.5,67.82
474,K_A,2s,31.32,0.41,68.27
475,8_8,2odifferent,30.09,2.23,67.67
476,9_9,2odifferent,28.59,0.35,71.06
477,9_9,2osame,28.15,0.51,71.34
478,J_J,2odifferent,28.15,0.3,71.56
479,T_T,2odifferent,28.03,0.3,71.66
480,9_9,1o,28.01,0.43,71.57
481,J_J,2osame,27.71,0.45,71.84
482,T_T,2osame,27.58,0.46,71.96
483,J_J,1o,27.56,0.37,72.06
484,T_T,1o,27.44,0.38,72.17
485,Q_A,2odifferent,25.32,1.45,73.23
486,8_K,2odifferent,25.24,3.13,71.63
487,8_A,2odifferent,25.19,2.36,72.45
488,Q_A,1o,24.63,1.54,73.83
489,Q_A,1o,24.56,1.54,73.89
490,8_K,1o,24.54,3.24,72.22
491,8_K,2osame,24.5,3.36,72.14
492,8_A,1o,24.5,2.47,73.03
493,8_A,2osame,24.46,2.57,72.97
494,Q_A,1s,24.03,1.59,74.38
495,Q_A,2osame,23.86,1.64,74.5
496,Q_A,2s,23.66,1.47,74.87
497,8_K,2s,23.62,3.06,73.32
498,8_A,2s,23.58,2.3,74.12
499,J_Q,2odifferent,23.44,7.83,68.73
500,Q_K,2odifferent,23.42,2.55,74.03
501,T_Q,2odifferent,23.1,10.34,66.56
502,9_Q,2odifferent,23.04,14.92,62.04
503,J_Q,1o,22.71,7.96,69.33
504,Q_K,1o,22.7,2.65,74.65
505,J_Q,2osame,22.66,8.09,69.25
506,J_Q,1o,22.66,7.96,69.38
507,Q_K,1o,22.64,2.65,74.7
508,T_Q,1o,22.37,10.5,67.13
509,T_Q,1o,22.32,10.5,67.18
510,T_Q,2osame,22.31,10.66,67.04
511,9_Q,1o,22.3,15.12,62.57
512,9_Q,1o,22.25,15.13,62.62
513,9_Q,2osame,22.24,15.33,62.43
514,J_Q,1s,22.23,7.71,70.06
515,Q_K,1s,22.22,2.67,75.11
516,J_Q,2s,21.98,7.56,70.46
517,T_Q,1s,21.91,10.12,67.97
518,Q_K,2osame,21.91,2.76,75.33
519,Q_K,2s,21.89,2.55,75.56
520,9_Q,1s,21.87,14.47,63.66
521,T_Q,2s,21.68,9.94,68.38
522,9_Q,2s,21.64,14.24,64.12
523,A_A,2odifferent,14.24,0.27,85.5
524,K_K,2odifferent,13.9,0.3,85.8
525,A_A,1o,13.44,0.35,86.21
526,K_K,1o,13.1,0.38,86.52
527,A_A,2osame,12.64,0.43,86.94
528,K_K,2osame,12.29,0.46,87.26
529,Q_Q,2odifferent,7.61,1.78,90.61
530,Q_Q,1o,6.69,1.88,91.43
531,8_Q,2odifferent,2.17,95.65,2.17
532,8_Q,2s,2.17,90.67,7.16
533,8_Q,1o,1.1,97.09,1.82
534,8_Q,2osame,0.74,98.52,0.74
