,vs_Hand,type,Equity_%,Draws_%,Loses_%
0,2_J,1o,93.01,2.68,4.31
1,3_J,1o,92.57,2.67,4.76
2,6_J,1o,92.19,2.6,5.21
3,2_J,2odifferent,92.15,2.62,5.23
4,4_J,1o,92.14,2.65,5.21
5,3_J,2odifferent,91.73,2.59,5.69
6,5_J,1o,91.71,2.64,5.65
7,6_J,2odifferent,91.36,2.49,6.15
8,4_J,2odifferent,91.3,2.56,6.14
9,5_J,2odifferent,90.88,2.54,6.58
10,7_J,1o,90.81,2.5,6.69
11,7_J,2odifferent,90.0,2.39,7.61
12,8_J,1o,89.43,2.4,8.17
13,2_T,2osame,89.09,0.51,10.4
14,2_T,2osame,89.09,0.51,10.4
15,2_9,2osame,88.83,0.51,10.67
16,2_9,2osame,88.83,0.51,10.67
17,2_7,2osame,88.74,0.51,10.75
18,2_7,2osame,88.74,0.51,10.75
19,3_T,2osame,88.65,0.5,10.85
20,3_T,2osame,88.65,0.5,10.85
21,8_J,2odifferent,88.64,2.29,9.08
22,2_8,2osame,88.54,0.5,10.96
23,2_8,2osame,88.54,0.5,10.96
24,3_8,2osame,88.53,0.5,10.97
25,3_8,2osame,88.53,0.5,10.97
26,3_9,2osame,88.39,0.49,11.12
27,3_9,2osame,88.39,0.49,11.12
28,4_9,2osame,88.38,0.49,11.12
29,4_9,2osame,88.38,0.49,11.12
30,2_T,1o,88.34,0.48,11.19
31,2_T,1o,88.33,0.43,11.24
32,4_T,2osame,88.21,0.48,11.31
33,4_T,2osame,88.21,0.48,11.31
34,5_T,2osame,88.2,0.48,11.31
35,5_T,2osame,88.2,0.48,11.31
36,2_9,1o,88.08,0.47,11.45
37,2_9,1o,88.07,0.43,11.5
38,9_J,1o,88.06,2.29,9.65
39,2_7,1o,87.99,0.43,11.58
40,2_7,1o,87.99,0.47,11.54
41,3_T,1o,87.9,0.42,11.68
42,3_T,1o,87.9,0.44,11.65
43,3_8,1o,87.79,0.44,11.77
44,2_8,1o,87.79,0.42,11.79
45,3_8,1o,87.79,0.42,11.79
46,2_8,1o,87.79,0.46,11.75
47,4_9,1o,87.65,0.43,11.93
48,3_9,1o,87.65,0.44,11.92
49,4_9,1o,87.64,0.41,11.95
50,3_9,1o,87.64,0.41,11.95
51,2_T,2odifferent,87.58,0.4,12.02
52,2_6,2osame,87.54,0.5,11.96
53,2_6,2osame,87.54,0.5,11.96
54,4_T,1o,87.47,0.42,12.11
55,5_T,1o,87.47,0.41,12.12
56,4_T,1o,87.46,0.41,12.13
57,5_T,1o,87.46,0.41,12.13
58,2_J,2s,87.43,2.48,10.1
59,2_9,2odifferent,87.33,0.39,12.28
60,9_J,2odifferent,87.28,2.18,10.54
61,2_7,2odifferent,87.24,0.39,12.37
62,3_T,2odifferent,87.16,0.37,12.48
63,2_8,2odifferent,87.04,0.38,12.57
64,3_8,2odifferent,87.04,0.36,12.59
65,3_J,2s,87.03,2.47,10.5
66,6_T,2osame,86.97,0.44,12.59
67,6_T,2osame,86.97,0.44,12.59
68,3_7,2osame,86.96,0.5,12.54
69,3_7,2osame,86.96,0.5,12.54
70,3_9,2odifferent,86.9,0.36,12.74
71,4_9,2odifferent,86.9,0.35,12.75
72,2_6,1o,86.81,0.43,12.77
73,2_6,1o,86.8,0.47,12.73
74,4_8,2osame,86.76,0.49,12.76
75,4_8,2osame,86.76,0.49,12.76
76,4_T,2odifferent,86.73,0.34,12.93
77,5_T,2odifferent,86.73,0.33,12.94
78,6_J,2s,86.69,2.4,10.91
79,4_J,2s,86.64,2.46,10.91
80,5_9,2osame,86.61,0.48,12.91
81,5_9,2osame,86.61,0.48,12.91
82,7_T,2osame,86.55,0.45,13.0
83,7_T,2osame,86.55,0.45,13.0
84,8_T,2osame,86.41,0.46,13.13
85,8_T,2osame,86.41,0.46,13.13
86,9_T,2osame,86.31,0.47,13.23
87,9_T,2osame,86.31,0.47,13.23
88,6_T,1o,86.25,0.36,13.39
89,3_7,1o,86.24,0.44,13.32
90,3_7,1o,86.24,0.42,13.34
91,5_J,2s,86.24,2.45,11.31
92,6_T,1o,86.24,0.36,13.4
93,T_J,1o,86.22,2.15,11.63
94,2_3,2osame,86.14,0.57,13.29
95,2_3,2osame,86.14,0.57,13.29
96,2_6,2odifferent,86.07,0.39,13.54
97,4_8,1o,86.04,0.41,13.55
98,4_8,1o,86.04,0.42,13.54
99,5_9,1o,85.9,0.41,13.7
100,5_9,1o,85.89,0.4,13.71
101,7_T,1o,85.84,0.37,13.78
102,7_T,1o,85.84,0.37,13.79
103,3_6,2osame,85.76,0.49,13.75
104,3_6,2osame,85.76,0.49,13.75
105,2_4,2osame,85.71,0.55,13.74
106,8_T,1o,85.71,0.38,13.92
107,2_4,2osame,85.71,0.55,13.74
108,8_T,1o,85.7,0.38,13.92
109,9_T,1o,85.61,0.39,14.01
110,9_T,1o,85.61,0.39,14.0
111,6_T,2odifferent,85.52,0.29,14.19
112,3_7,2odifferent,85.52,0.36,14.12
113,T_J,2odifferent,85.47,2.04,12.49
114,2_3,1o,85.43,0.51,14.06
115,2_3,1o,85.43,0.53,14.04
116,7_J,2s,85.41,2.32,12.27
117,6_9,2osame,85.37,0.44,14.19
118,6_9,2osame,85.37,0.44,14.19
119,4_8,2odifferent,85.32,0.34,14.34
120,2_5,2osame,85.27,0.54,14.2
121,2_5,2osame,85.27,0.54,14.2
122,4_7,2osame,85.19,0.49,14.33
123,4_7,2osame,85.19,0.49,14.33
124,5_9,2odifferent,85.18,0.33,14.49
125,7_T,2odifferent,85.13,0.29,14.58
126,3_6,1o,85.05,0.44,14.51
127,3_6,1o,85.05,0.41,14.53
128,8_T,2odifferent,85.0,0.3,14.7
129,2_4,1o,85.0,0.51,14.49
130,2_4,1o,85.0,0.48,14.51
131,5_8,2osame,84.98,0.48,14.54
132,5_8,2osame,84.98,0.48,14.54
133,7_9,2osame,84.95,0.45,14.6
134,7_9,2osame,84.95,0.45,14.6
135,9_T,2odifferent,84.91,0.31,14.78
136,8_9,2osame,84.81,0.46,14.74
137,8_9,2osame,84.81,0.46,14.74
138,2_3,2odifferent,84.72,0.47,14.81
139,2_T,1s,84.68,0.5,14.82
140,6_9,1o,84.67,0.36,14.97
141,6_9,1o,84.67,0.36,14.98
142,2_5,1o,84.57,0.46,14.97
143,2_5,1o,84.56,0.5,14.94
144,4_7,1o,84.49,0.41,15.1
145,4_7,1o,84.49,0.42,15.09
146,2_9,1s,84.45,0.49,15.06
147,2_7,1s,84.38,0.49,15.13
148,3_6,2odifferent,84.35,0.36,15.29
149,5_8,1o,84.29,0.4,15.3
150,5_8,1o,84.29,0.4,15.32
151,2_4,2odifferent,84.29,0.45,15.26
152,3_T,1s,84.28,0.48,15.24
153,7_9,1o,84.27,0.37,15.36
154,7_9,1o,84.26,0.37,15.37
155,3_8,1s,84.18,0.49,15.33
156,2_8,1s,84.18,0.49,15.33
157,8_J,2s,84.13,2.25,13.62
158,8_9,1o,84.13,0.38,15.49
159,8_9,1o,84.13,0.38,15.5
160,3_9,1s,84.04,0.48,15.48
161,4_9,1s,84.04,0.48,15.48
162,4_6,2osame,83.98,0.48,15.54
163,4_6,2osame,83.98,0.48,15.54
164,6_9,2odifferent,83.97,0.28,15.75
165,3_4,2osame,83.93,0.54,15.53
166,3_4,2osame,83.93,0.54,15.53
167,4_T,1s,83.87,0.47,15.66
168,2_5,2odifferent,83.87,0.43,15.7
169,5_T,1s,83.87,0.47,15.66
170,6_8,2osame,83.8,0.43,15.77
171,4_7,2odifferent,83.8,0.34,15.86
172,6_8,2osame,83.8,0.43,15.77
173,5_8,2odifferent,83.6,0.32,16.08
174,7_9,2odifferent,83.58,0.29,16.13
175,3_5,2osame,83.49,0.53,15.99
176,3_5,2osame,83.49,0.53,15.99
177,2_T,2s,83.45,0.41,16.14
178,8_9,2odifferent,83.45,0.3,16.26
179,5_7,2osame,83.41,0.47,16.12
180,5_7,2osame,83.41,0.47,16.12
181,7_8,2osame,83.38,0.44,16.17
182,7_8,2osame,83.38,0.44,16.17
183,4_6,1o,83.3,0.42,16.28
184,4_6,1o,83.3,0.4,16.29
185,3_4,1o,83.25,0.48,16.27
186,3_4,1o,83.25,0.47,16.28
187,2_6,1s,83.24,0.49,16.27
188,2_9,2s,83.21,0.4,16.39
189,2_7,2s,83.12,0.4,16.48
190,6_8,1o,83.12,0.36,16.52
191,6_8,1o,83.12,0.36,16.52
192,3_T,2s,83.06,0.4,16.54
193,2_8,2s,82.94,0.4,16.66
194,3_8,2s,82.94,0.4,16.66
195,9_J,2s,82.86,2.16,14.98
196,3_5,1o,82.82,0.47,16.71
197,3_5,1o,82.82,0.45,16.73
198,4_9,2s,82.81,0.39,16.79
199,3_9,2s,82.81,0.39,16.79
200,5_7,1o,82.74,0.4,16.86
201,5_7,1o,82.74,0.4,16.86
202,7_8,1o,82.72,0.36,16.92
203,7_8,1o,82.72,0.36,16.92
204,6_T,1s,82.71,0.43,16.86
205,3_7,1s,82.71,0.48,16.81
206,4_T,2s,82.66,0.39,16.95
207,5_T,2s,82.66,0.39,16.95
208,4_6,2odifferent,82.63,0.34,17.04
209,6_7,2osame,82.59,0.43,16.98
210,6_7,2osame,82.59,0.43,16.98
211,3_4,2odifferent,82.57,0.42,17.01
212,4_8,1s,82.52,0.48,17.01
213,6_8,2odifferent,82.44,0.28,17.28
214,T_T,2osame,82.42,0.52,17.07
215,5_9,1s,82.37,0.47,17.16
216,7_T,1s,82.3,0.44,17.26
217,2_2,2osame,82.24,0.58,17.18
218,5_6,2osame,82.2,0.47,17.32
219,5_6,2osame,82.2,0.47,17.32
220,3_5,2odifferent,82.15,0.4,17.46
221,8_T,1s,82.14,0.44,17.41
222,5_7,2odifferent,82.08,0.32,17.6
223,7_8,2odifferent,82.05,0.29,17.66
224,9_9,2osame,82.04,0.5,17.46
225,9_T,1s,82.03,0.45,17.52
226,2_6,2s,82.01,0.4,17.59
227,6_7,1o,81.93,0.35,17.71
228,6_7,1o,81.93,0.35,17.71
229,2_3,1s,81.93,0.54,17.53
230,3_3,2osame,81.81,0.55,17.64
231,T_T,1o,81.77,0.44,17.8
232,4_5,2osame,81.71,0.52,17.77
233,4_5,2osame,81.71,0.52,17.77
234,8_8,2osame,81.66,0.49,17.85
235,2_2,1o,81.6,0.54,17.86
236,3_6,1s,81.58,0.48,17.95
237,5_6,1o,81.56,0.4,18.05
238,5_6,1o,81.55,0.39,18.05
239,6_T,2s,81.53,0.35,18.12
240,2_4,1s,81.52,0.53,17.94
241,3_7,2s,81.5,0.39,18.1
242,6_6,2osame,81.4,0.46,18.13
243,9_9,1o,81.4,0.42,18.18
244,4_4,2osame,81.38,0.52,18.1
245,7_7,2osame,81.34,0.48,18.18
246,4_8,2s,81.32,0.39,18.29
247,6_7,2odifferent,81.27,0.28,18.45
248,6_9,1s,81.22,0.43,18.35
249,5_9,2s,81.2,0.38,18.42
250,3_3,1o,81.18,0.49,18.33
251,T_J,2s,81.16,2.04,16.8
252,7_T,2s,81.16,0.35,18.48
253,2_5,1s,81.12,0.52,18.36
254,T_T,2odifferent,81.12,0.36,18.53
255,4_5,1o,81.07,0.45,18.48
256,4_5,1o,81.07,0.44,18.49
257,8_T,2s,81.04,0.36,18.6
258,4_7,1s,81.04,0.47,18.48
259,8_8,1o,81.03,0.41,18.56
260,2_2,2odifferent,80.96,0.5,18.54
261,9_T,2s,80.96,0.37,18.67
262,5_5,2osame,80.95,0.49,18.56
263,5_6,2odifferent,80.9,0.32,18.78
264,5_8,1s,80.85,0.47,18.68
265,7_9,1s,80.8,0.43,18.76
266,6_6,1o,80.77,0.38,18.84
267,4_4,1o,80.75,0.45,18.79
268,9_9,2odifferent,80.75,0.34,18.9
269,2_3,2s,80.74,0.48,18.79
270,7_7,1o,80.71,0.4,18.89
271,8_9,1s,80.65,0.44,18.91
272,3_3,2odifferent,80.54,0.44,19.02
273,4_5,2odifferent,80.43,0.37,19.2
274,3_6,2s,80.39,0.39,19.22
275,8_8,2odifferent,80.39,0.33,19.28
276,2_4,2s,80.34,0.45,19.2
277,5_5,1o,80.33,0.42,19.25
278,6_6,2odifferent,80.15,0.31,19.55
279,4_4,2odifferent,80.13,0.39,19.49
280,7_7,2odifferent,80.09,0.32,19.6
281,6_9,2s,80.07,0.34,19.59
282,2_5,2s,79.95,0.44,19.62
283,4_6,1s,79.91,0.47,19.62
284,4_7,2s,79.89,0.39,19.73
285,3_4,1s,79.86,0.52,19.62
286,6_8,1s,79.75,0.43,19.83
287,5_8,2s,79.71,0.38,19.91
288,5_5,2odifferent,79.71,0.34,19.94
289,7_9,2s,79.7,0.35,19.95
290,8_9,2s,79.58,0.36,20.07
291,3_5,1s,79.45,0.51,20.04
292,5_7,1s,79.38,0.46,20.16
293,7_8,1s,79.33,0.43,20.24
294,4_6,2s,78.78,0.38,20.84
295,3_4,2s,78.73,0.44,20.83
296,6_8,2s,78.63,0.34,21.03
297,6_7,1s,78.61,0.42,20.97
298,3_5,2s,78.33,0.43,21.24
299,5_7,2s,78.27,0.38,21.35
300,7_8,2s,78.26,0.35,21.4
301,5_6,1s,78.24,0.46,21.3
302,4_5,1s,77.79,0.5,21.71
303,6_7,2s,77.52,0.33,22.14
304,5_6,2s,77.16,0.37,22.46
305,4_5,2s,76.72,0.42,22.86
306,2_Q,1o,73.24,0.44,26.33
307,2_K,1o,73.12,0.44,26.45
308,2_Q,2osame,73.04,0.52,26.45
309,2_Q,2osame,73.04,0.52,26.45
310,2_K,2osame,72.92,0.52,26.57
311,2_K,2osame,72.92,0.52,26.57
312,3_Q,1o,72.85,0.42,26.73
313,3_K,1o,72.73,0.42,26.85
314,2_Q,2odifferent,72.71,0.4,26.89
315,3_Q,2osame,72.64,0.5,26.86
316,3_Q,2osame,72.64,0.5,26.86
317,2_K,2odifferent,72.59,0.4,27.01
318,8_K,1o,72.56,0.37,27.07
319,3_K,2osame,72.52,0.5,26.98
320,3_K,2osame,72.52,0.5,26.98
321,6_Q,1o,72.51,0.35,27.14
322,2_Q,1o,72.51,0.48,27.01
323,7_Q,1o,72.48,0.37,27.15
324,4_Q,1o,72.46,0.41,27.13
325,6_K,1o,72.39,0.35,27.26
326,2_K,1o,72.39,0.48,27.13
327,8_K,2osame,72.35,0.45,27.2
328,8_K,2osame,72.35,0.45,27.2
329,4_K,1o,72.34,0.41,27.26
330,3_Q,2odifferent,72.33,0.37,27.31
331,6_Q,2osame,72.3,0.43,27.27
332,6_Q,2osame,72.3,0.43,27.27
333,7_Q,2osame,72.27,0.45,27.29
334,7_Q,2osame,72.27,0.45,27.29
335,6_A,1o,72.27,0.35,27.37
336,9_A,1o,72.26,0.37,27.37
337,4_Q,2osame,72.24,0.49,27.27
338,4_Q,2osame,72.24,0.49,27.27
339,7_K,1o,72.22,0.36,27.42
340,3_K,2odifferent,72.21,0.37,27.43
341,6_K,2osame,72.18,0.43,27.39
342,6_K,2osame,72.18,0.43,27.39
343,9_K,1o,72.14,0.38,27.48
344,4_K,2osame,72.13,0.49,27.39
345,4_K,2osame,72.13,0.49,27.39
346,3_Q,1o,72.12,0.45,27.43
347,6_A,2osame,72.07,0.43,27.5
348,6_A,2osame,72.07,0.43,27.5
349,5_Q,1o,72.07,0.39,27.54
350,8_Q,1o,72.06,0.37,27.56
351,9_A,2osame,72.05,0.45,27.51
352,9_A,2osame,72.05,0.45,27.51
353,8_K,2odifferent,72.04,0.29,27.66
354,7_K,2osame,72.01,0.44,27.56
355,7_K,2osame,72.01,0.44,27.56
356,3_K,1o,72.0,0.45,27.55
357,6_Q,2odifferent,72.0,0.27,27.73
358,7_Q,2odifferent,71.97,0.29,27.75
359,5_K,1o,71.95,0.39,27.66
360,4_Q,2odifferent,71.94,0.34,27.71
361,9_K,2osame,71.92,0.46,27.62
362,9_K,2osame,71.92,0.46,27.62
363,6_K,2odifferent,71.88,0.27,27.85
364,8_A,1o,71.86,0.35,27.79
365,5_Q,2osame,71.85,0.47,27.68
366,5_Q,2osame,71.85,0.47,27.68
367,8_Q,2osame,71.84,0.45,27.71
368,8_K,1o,71.84,0.37,27.79
369,8_Q,2osame,71.84,0.45,27.71
370,4_K,2odifferent,71.82,0.34,27.84
371,6_Q,1o,71.79,0.35,27.86
372,6_A,2odifferent,71.76,0.28,27.96
373,7_Q,1o,71.75,0.37,27.88
374,9_A,2odifferent,71.74,0.29,27.97
375,5_K,2osame,71.73,0.47,27.8
376,5_K,2osame,71.73,0.47,27.8
377,4_Q,1o,71.73,0.42,27.85
378,7_A,1o,71.71,0.35,27.94
379,7_K,2odifferent,71.71,0.28,28.01
380,6_K,1o,71.67,0.35,27.98
381,9_K,2odifferent,71.64,0.3,28.06
382,9_Q,1o,71.64,0.38,27.97
383,8_A,2osame,71.64,0.43,27.93
384,8_A,2osame,71.64,0.43,27.93
385,4_K,1o,71.61,0.42,27.97
386,T_A,1o,71.61,0.38,28.01
387,8_Q,2odifferent,71.56,0.3,28.15
388,5_Q,2odifferent,71.56,0.32,28.12
389,6_A,1o,71.55,0.36,28.09
390,9_A,1o,71.53,0.37,28.1
391,2_A,1o,71.52,0.43,28.06
392,T_K,1o,71.5,0.39,28.11
393,7_A,2osame,71.5,0.43,28.08
394,7_K,1o,71.5,0.36,28.15
395,7_A,2osame,71.5,0.43,28.08
396,5_K,2odifferent,71.44,0.32,28.24
397,9_K,1o,71.41,0.38,28.21
398,9_Q,2osame,71.41,0.46,28.13
399,9_Q,2osame,71.41,0.46,28.13
400,T_A,2osame,71.38,0.46,28.16
401,T_A,2osame,71.38,0.46,28.16
402,8_A,2odifferent,71.35,0.27,28.37
403,5_Q,1o,71.34,0.4,28.26
404,8_Q,1o,71.33,0.37,28.29
405,2_A,2osame,71.3,0.51,28.2
406,2_A,2osame,71.3,0.51,28.2
407,T_K,2osame,71.26,0.47,28.27
408,T_K,2osame,71.26,0.47,28.27
409,5_K,1o,71.23,0.4,28.37
410,7_A,2odifferent,71.21,0.27,28.52
411,9_Q,2odifferent,71.15,0.3,28.55
412,8_A,1o,71.13,0.35,28.51
413,3_A,1o,71.12,0.41,28.46
414,T_A,2odifferent,71.11,0.3,28.59
415,T_K,2odifferent,71.01,0.31,28.68
416,2_A,2odifferent,71.01,0.39,28.6
417,T_Q,1o,71.0,0.39,28.61
418,7_A,1o,70.99,0.35,28.66
419,9_Q,1o,70.91,0.38,28.71
420,3_A,2osame,70.9,0.5,28.61
421,3_A,2osame,70.9,0.5,28.61
422,T_A,1o,70.88,0.38,28.74
423,2_A,1o,70.79,0.47,28.74
424,T_K,1o,70.77,0.39,28.84
425,T_Q,2osame,70.75,0.47,28.78
426,T_Q,2osame,70.75,0.47,28.78
427,4_A,1o,70.73,0.4,28.86
428,3_A,2odifferent,70.63,0.36,29.01
429,T_Q,2odifferent,70.52,0.31,29.17
430,4_A,2osame,70.5,0.48,29.02
431,4_A,2osame,70.5,0.48,29.02
432,3_A,1o,70.4,0.44,29.16
433,5_A,1o,70.34,0.39,29.27
434,T_Q,1o,70.26,0.39,29.34
435,4_A,2odifferent,70.24,0.33,29.42
436,5_A,2osame,70.11,0.47,29.43
437,5_A,2osame,70.11,0.47,29.43
438,4_A,1o,70.01,0.41,29.57
439,5_A,2odifferent,69.86,0.31,29.83
440,5_A,1o,69.63,0.39,29.98
441,2_Q,1s,69.45,0.5,30.05
442,2_K,1s,69.34,0.49,30.17
443,3_Q,1s,69.09,0.49,30.42
444,3_K,1s,68.98,0.48,30.54
445,2_Q,2s,68.9,0.41,30.69
446,8_K,1s,68.81,0.43,30.75
447,6_Q,1s,68.78,0.42,30.8
448,2_K,2s,68.77,0.41,30.82
449,7_Q,1s,68.75,0.43,30.82
450,J_A,2odifferent,68.74,1.68,29.58
451,4_Q,1s,68.73,0.47,30.8
452,6_K,1s,68.67,0.42,30.91
453,4_K,1s,68.62,0.47,30.91
454,6_A,1s,68.55,0.42,31.02
455,3_Q,2s,68.55,0.4,31.05
456,9_A,1s,68.52,0.43,31.05
457,7_K,1s,68.5,0.42,31.08
458,J_A,1o,68.49,1.78,29.72
459,3_K,2s,68.42,0.4,31.19
460,9_K,1s,68.38,0.44,31.18
461,5_Q,1s,68.37,0.46,31.17
462,8_Q,1s,68.32,0.44,31.24
463,8_K,2s,68.28,0.35,31.37
464,5_K,1s,68.25,0.46,31.29
465,6_Q,2s,68.24,0.34,31.42
466,7_Q,2s,68.22,0.35,31.44
467,4_Q,2s,68.19,0.39,31.42
468,8_A,1s,68.15,0.42,31.43
469,6_K,2s,68.11,0.33,31.55
470,4_K,2s,68.06,0.39,31.55
471,7_A,1s,68.02,0.42,31.56
472,6_A,2s,67.99,0.34,31.68
473,9_A,2s,67.98,0.35,31.67
474,7_K,2s,67.96,0.34,31.7
475,9_Q,1s,67.89,0.44,31.67
476,9_K,2s,67.89,0.36,31.76
477,T_A,1s,67.86,0.44,31.7
478,5_Q,2s,67.84,0.38,31.78
479,2_A,1s,67.83,0.49,31.68
480,8_Q,2s,67.83,0.36,31.82
481,T_K,1s,67.73,0.45,31.82
482,5_K,2s,67.71,0.37,31.91
483,J_K,2odifferent,67.63,1.58,30.78
484,8_A,2s,67.62,0.34,32.04
485,7_A,2s,67.48,0.33,32.19
486,3_A,1s,67.47,0.48,32.06
487,9_Q,2s,67.44,0.36,32.2
488,T_A,2s,67.39,0.36,32.25
489,J_K,1o,67.37,1.69,30.94
490,T_K,2s,67.3,0.36,32.34
491,2_A,2s,67.28,0.4,32.32
492,T_Q,1s,67.24,0.45,32.31
493,4_A,1s,67.11,0.47,32.43
494,3_A,2s,66.93,0.39,32.68
495,T_Q,2s,66.85,0.37,32.78
496,5_A,1s,66.74,0.45,32.8
497,4_A,2s,66.57,0.38,33.05
498,5_A,2s,66.22,0.37,33.41
499,J_Q,2odifferent,66.15,1.48,32.37
500,J_Q,1o,65.87,1.58,32.55
501,J_A,2s,64.66,1.66,33.68
502,J_K,2s,63.64,1.58,34.78
503,J_Q,2s,62.26,1.5,36.24
504,Q_A,2odifferent,57.17,0.32,42.51
505,K_A,2odifferent,57.09,0.33,42.58
506,Q_K,2odifferent,56.72,0.33,42.95
507,Q_A,1o,56.72,0.4,42.88
508,Q_A,1o,56.72,0.4,42.87
509,K_A,1o,56.65,0.41,42.95
510,K_A,1o,56.65,0.41,42.95
511,Q_A,2osame,56.28,0.48,43.24
512,Q_A,2osame,56.28,0.48,43.24
513,Q_K,1o,56.26,0.41,43.33
514,Q_K,1o,56.26,0.41,43.33
515,K_A,2osame,56.2,0.49,43.31
516,K_A,2osame,56.2,0.49,43.31
517,Q_K,2osame,55.8,0.49,43.71
518,Q_K,2osame,55.8,0.49,43.71
519,Q_A,1s,54.05,0.46,45.5
520,K_A,1s,53.98,0.46,45.56
521,Q_A,2s,53.77,0.37,45.86
522,K_A,2s,53.68,0.38,45.94
523,Q_K,1s,53.57,0.46,45.96
524,Q_K,2s,53.34,0.38,46.27
525,A_A,2odifferent,19.36,0.33,80.31
526,K_K,2odifferent,18.97,0.36,80.68
527,A_A,1o,18.65,0.41,80.94
528,Q_Q,2odifferent,18.54,0.36,81.1
529,K_K,1o,18.25,0.44,81.32
530,A_A,2osame,17.93,0.49,81.58
531,Q_Q,1o,17.81,0.44,81.75
532,K_K,2osame,17.52,0.52,81.96
533,Q_Q,2osame,17.08,0.52,82.4
534,J_J,2odifferent,2.17,95.65,2.17
