,vs_Hand,type,Equity_%,Draws_%,Loses_%
0,2_J,2osame,75.93,3.33,20.75
1,3_J,2osame,75.41,3.3,21.29
2,2_J,1o,75.29,3.21,21.49
3,4_J,2osame,74.89,3.28,21.83
4,3_J,1o,74.78,3.19,22.03
5,6_J,2osame,74.73,3.2,22.06
6,2_J,2odifferent,74.61,3.15,22.24
7,5_J,2osame,74.39,3.26,22.36
8,4_J,1o,74.28,3.17,22.56
9,6_J,1o,74.12,3.09,22.79
10,3_J,2odifferent,74.11,3.1,22.79
11,5_J,1o,73.78,3.14,23.08
12,8_J,2osame,73.75,3.09,23.15
13,4_J,2odifferent,73.61,3.07,23.32
14,6_J,2odifferent,73.45,2.98,23.57
15,7_J,2osame,73.45,3.09,23.46
16,8_J,1o,73.15,2.98,23.86
17,5_J,2odifferent,73.12,3.04,23.84
18,7_J,1o,72.85,2.98,24.17
19,J_Q,2osame,72.79,2.6,24.62
20,8_J,2odifferent,72.5,2.87,24.63
21,J_Q,2odifferent,72.27,2.39,25.35
22,7_J,2odifferent,72.21,2.87,24.92
23,J_Q,1o,72.19,2.49,25.32
24,9_J,2osame,72.14,3.01,24.85
25,T_J,2osame,71.68,2.94,25.38
26,9_J,1o,71.56,2.9,25.54
27,T_J,1o,71.1,2.83,26.07
28,9_J,2odifferent,70.93,2.79,26.28
29,T_J,2odifferent,70.48,2.72,26.8
30,2_K,1o,70.32,8.14,21.54
31,2_K,2osame,70.26,8.27,21.48
32,2_J,2s,70.21,3.03,26.75
33,3_K,1o,69.87,8.05,22.08
34,3_K,2osame,69.8,8.18,22.02
35,3_J,2s,69.74,3.01,27.25
36,2_K,2odifferent,69.7,8.06,22.24
37,2_T,2osame,69.65,0.79,29.56
38,2_T,2osame,69.65,0.79,29.56
39,2_K,1o,69.59,8.18,22.22
40,8_K,1o,69.58,7.72,22.7
41,9_K,1o,69.56,7.63,22.8
42,8_K,2osame,69.52,7.84,22.64
43,9_K,2osame,69.49,7.76,22.75
44,4_K,1o,69.42,7.97,22.61
45,6_K,1o,69.36,7.79,22.85
46,4_K,2osame,69.35,8.09,22.56
47,6_K,2osame,69.29,7.92,22.8
48,4_J,2s,69.27,2.99,27.74
49,3_K,2odifferent,69.27,7.95,22.79
50,T_K,1o,69.26,7.86,22.87
51,3_T,2osame,69.25,0.77,29.98
52,7_K,1o,69.25,7.75,23.0
53,3_T,2osame,69.25,0.77,29.98
54,7_K,2osame,69.18,7.87,22.95
55,T_K,2osame,69.18,8.0,22.82
56,3_K,1o,69.15,8.08,22.78
57,6_J,2s,69.11,2.92,27.97
58,2_T,1o,69.09,0.75,30.16
59,2_T,1o,69.08,0.71,30.21
60,8_K,2odifferent,68.99,7.59,23.42
61,5_K,1o,68.97,7.89,23.14
62,9_K,2odifferent,68.96,7.51,23.53
63,5_K,2osame,68.9,8.02,23.09
64,8_K,1o,68.86,7.71,23.42
65,4_T,2osame,68.86,0.76,30.39
66,4_T,2osame,68.85,0.76,30.39
67,9_K,1o,68.84,7.64,23.53
68,4_K,2odifferent,68.83,7.85,23.32
69,5_T,2osame,68.82,0.76,30.43
70,5_J,2s,68.81,2.97,28.22
71,5_T,2osame,68.81,0.76,30.43
72,6_K,2odifferent,68.77,7.67,23.57
73,4_K,1o,68.7,7.98,23.32
74,3_T,1o,68.69,0.69,30.62
75,3_T,1o,68.69,0.72,30.59
76,7_K,2odifferent,68.66,7.62,23.72
77,T_K,2odifferent,68.66,7.74,23.6
78,2_9,2osame,68.65,0.77,30.58
79,2_9,2osame,68.64,0.77,30.59
80,6_K,1o,68.64,7.79,23.57
81,7_K,1o,68.54,7.74,23.72
82,T_K,1o,68.54,7.87,23.59
83,2_T,2odifferent,68.52,0.67,30.81
84,5_K,2odifferent,68.39,7.77,23.84
85,4_T,1o,68.3,0.69,31.01
86,4_T,1o,68.3,0.68,31.03
87,5_T,1o,68.27,0.68,31.05
88,5_T,1o,68.26,0.68,31.07
89,5_K,1o,68.26,7.9,23.85
90,3_9,2osame,68.24,0.76,31.0
91,3_9,2osame,68.24,0.76,31.0
92,2_7,2osame,68.23,0.77,31.01
93,2_7,2osame,68.22,0.77,31.01
94,8_J,2s,68.2,2.83,28.97
95,2_8,2osame,68.2,0.77,31.03
96,2_8,2osame,68.2,0.77,31.03
97,4_9,2osame,68.2,0.76,31.05
98,4_9,2osame,68.19,0.76,31.05
99,3_8,2osame,68.15,0.77,31.08
100,3_8,2osame,68.15,0.77,31.08
101,3_T,2odifferent,68.13,0.64,31.24
102,J_Q,2s,68.09,2.39,29.52
103,2_9,1o,68.09,0.69,31.21
104,2_9,1o,68.09,0.74,31.17
105,7_J,2s,67.94,2.83,29.23
106,6_T,2osame,67.82,0.71,31.47
107,6_T,2osame,67.82,0.71,31.47
108,4_T,2odifferent,67.74,0.61,31.65
109,3_9,1o,67.7,0.7,31.6
110,3_9,1o,67.7,0.68,31.63
111,5_T,2odifferent,67.7,0.6,31.69
112,2_7,1o,67.68,0.69,31.63
113,2_7,1o,67.68,0.73,31.59
114,2_8,1o,67.66,0.73,31.61
115,2_8,1o,67.66,0.69,31.65
116,4_9,1o,67.65,0.68,31.67
117,4_9,1o,67.65,0.69,31.66
118,3_8,1o,67.61,0.69,31.71
119,3_8,1o,67.61,0.71,31.68
120,2_9,2odifferent,67.54,0.66,31.8
121,2_6,2osame,67.36,0.77,31.87
122,2_6,2osame,67.36,0.77,31.88
123,6_T,1o,67.28,0.63,32.09
124,6_T,1o,67.28,0.63,32.08
125,3_9,2odifferent,67.15,0.62,32.23
126,2_7,2odifferent,67.14,0.65,32.21
127,4_9,2odifferent,67.11,0.61,32.28
128,2_8,2odifferent,67.11,0.65,32.24
129,3_8,2odifferent,67.06,0.63,32.31
130,2_6,1o,66.83,0.69,32.48
131,2_6,1o,66.82,0.73,32.44
132,3_7,2osame,66.8,0.76,32.44
133,3_7,2osame,66.8,0.76,32.44
134,9_J,2s,66.79,2.77,30.45
135,2_Q,2osame,66.79,0.81,32.4
136,5_9,2osame,66.78,0.75,32.48
137,5_9,2osame,66.78,0.75,32.47
138,4_8,2osame,66.73,0.76,32.52
139,4_8,2osame,66.73,0.76,32.51
140,6_T,2odifferent,66.73,0.56,32.71
141,2_K,1s,66.71,7.88,25.4
142,7_T,2osame,66.66,0.72,32.62
143,7_T,2osame,66.66,0.72,32.62
144,2_3,2osame,66.48,0.82,32.7
145,2_3,2osame,66.48,0.82,32.7
146,T_J,2s,66.44,2.71,30.85
147,3_Q,2osame,66.39,0.79,32.82
148,3_K,1s,66.29,7.8,25.91
149,2_6,2odifferent,66.29,0.66,33.05
150,3_7,1o,66.28,0.68,33.04
151,3_7,1o,66.28,0.7,33.02
152,2_Q,1o,66.28,0.73,32.99
153,5_9,1o,66.26,0.67,33.07
154,5_9,1o,66.26,0.67,33.08
155,4_8,1o,66.21,0.69,33.1
156,4_8,1o,66.21,0.68,33.12
157,7_Q,2osame,66.16,0.73,33.1
158,7_T,1o,66.15,0.64,33.21
159,7_T,1o,66.14,0.64,33.22
160,2_Q,2osame,66.1,0.81,33.09
161,2_4,2osame,66.08,0.81,33.12
162,2_4,2osame,66.08,0.81,33.12
163,8_K,1s,66.0,7.46,26.53
164,4_Q,2osame,65.99,0.78,33.23
165,6_Q,2osame,65.98,0.72,33.3
166,9_K,1s,65.96,7.39,26.66
167,2_3,1o,65.96,0.79,33.26
168,2_3,1o,65.96,0.77,33.27
169,3_6,2osame,65.93,0.76,33.31
170,3_6,2osame,65.93,0.76,33.31
171,3_Q,1o,65.88,0.72,33.4
172,4_K,1s,65.87,7.72,26.41
173,6_9,2osame,65.85,0.7,33.45
174,6_9,2osame,65.85,0.7,33.45
175,2_T,1s,65.82,0.76,33.42
176,6_K,1s,65.81,7.54,26.65
177,2_Q,2odifferent,65.77,0.69,33.54
178,3_7,2odifferent,65.75,0.62,33.62
179,8_T,2osame,65.74,0.73,33.53
180,8_T,2osame,65.74,0.73,33.53
181,5_9,2odifferent,65.73,0.59,33.67
182,3_Q,2osame,65.7,0.79,33.51
183,7_K,1s,65.7,7.5,26.8
184,2_5,2osame,65.68,0.79,33.53
185,2_5,2osame,65.68,0.79,33.53
186,4_8,2odifferent,65.68,0.61,33.71
187,7_Q,1o,65.66,0.66,33.69
188,T_K,1s,65.65,7.6,26.75
189,7_T,2odifferent,65.62,0.56,33.82
190,5_Q,2osame,65.6,0.77,33.63
191,2_Q,1o,65.59,0.77,33.63
192,2_4,1o,65.56,0.74,33.69
193,2_4,1o,65.56,0.77,33.67
194,2_K,2s,65.55,7.7,26.75
195,4_Q,1o,65.49,0.7,33.81
196,6_Q,1o,65.48,0.64,33.88
197,7_Q,2osame,65.47,0.73,33.8
198,3_T,1s,65.45,0.74,33.81
199,5_K,1s,65.45,7.64,26.9
200,2_3,2odifferent,65.44,0.73,33.83
201,3_6,1o,65.42,0.7,33.88
202,3_6,1o,65.42,0.68,33.9
203,3_Q,2odifferent,65.38,0.66,33.96
204,4_7,2osame,65.38,0.75,33.88
205,4_7,2osame,65.38,0.75,33.87
206,6_9,1o,65.34,0.62,34.04
207,6_9,1o,65.33,0.62,34.04
208,5_8,2osame,65.32,0.74,33.94
209,5_8,2osame,65.32,0.74,33.94
210,4_Q,2osame,65.3,0.78,33.92
211,6_Q,2osame,65.29,0.72,33.99
212,8_Q,2osame,65.24,0.75,34.02
213,8_T,1o,65.23,0.65,34.12
214,8_T,1o,65.23,0.65,34.12
215,3_Q,1o,65.2,0.74,34.06
216,2_5,1o,65.18,0.72,34.1
217,2_5,1o,65.17,0.76,34.07
218,7_Q,2odifferent,65.16,0.58,34.27
219,3_K,2s,65.14,7.62,27.25
220,5_Q,1o,65.11,0.69,34.21
221,4_T,1s,65.08,0.73,34.18
222,2_4,2odifferent,65.05,0.71,34.25
223,5_T,1s,65.05,0.73,34.22
224,4_Q,2odifferent,65.0,0.63,34.37
225,6_Q,2odifferent,64.98,0.57,34.45
226,7_Q,1o,64.97,0.66,34.37
227,5_Q,2osame,64.91,0.77,34.32
228,3_6,2odifferent,64.91,0.63,34.47
229,9_K,2s,64.9,7.22,27.88
230,4_7,1o,64.88,0.67,34.46
231,4_7,1o,64.88,0.68,34.44
232,8_K,2s,64.87,7.29,27.84
233,2_9,1s,64.86,0.74,34.39
234,5_8,1o,64.82,0.67,34.51
235,6_9,2odifferent,64.82,0.55,34.63
236,4_Q,1o,64.81,0.71,34.48
237,5_8,1o,64.81,0.66,34.52
238,6_Q,1o,64.8,0.64,34.56
239,9_T,2osame,64.76,0.74,34.5
240,9_T,2osame,64.76,0.74,34.5
241,8_Q,1o,64.75,0.67,34.58
242,4_K,2s,64.72,7.54,27.74
243,8_T,2odifferent,64.72,0.57,34.71
244,7_9,2osame,64.69,0.71,34.6
245,6_8,2osame,64.69,0.7,34.61
246,6_8,2osame,64.69,0.7,34.61
247,7_9,2osame,64.69,0.71,34.6
248,T_K,2s,64.68,7.45,27.86
249,6_K,2s,64.66,7.37,27.97
250,2_5,2odifferent,64.66,0.68,34.65
251,3_4,2osame,64.65,0.8,34.55
252,3_4,2osame,64.65,0.8,34.55
253,5_Q,2odifferent,64.62,0.61,34.77
254,7_K,2s,64.58,7.32,28.1
255,8_Q,2osame,64.54,0.75,34.71
256,4_6,2osame,64.51,0.75,34.74
257,4_6,2osame,64.51,0.75,34.74
258,3_9,1s,64.49,0.73,34.78
259,2_7,1s,64.47,0.74,34.79
260,4_9,1s,64.45,0.73,34.82
261,2_8,1s,64.45,0.74,34.81
262,5_Q,1o,64.43,0.69,34.88
263,3_8,1s,64.4,0.74,34.87
264,4_7,2odifferent,64.37,0.6,35.03
265,2_T,2s,64.33,0.67,35.0
266,5_K,2s,64.31,7.46,28.22
267,5_8,2odifferent,64.31,0.59,35.1
268,9_T,1o,64.27,0.66,35.07
269,9_T,1o,64.27,0.66,35.07
270,9_Q,2osame,64.27,0.76,34.97
271,8_Q,2odifferent,64.26,0.59,35.15
272,3_5,2osame,64.25,0.78,34.96
273,3_5,2osame,64.25,0.78,34.96
274,7_9,1o,64.2,0.63,35.17
275,7_9,1o,64.2,0.63,35.18
276,6_8,1o,64.19,0.62,35.19
277,6_8,1o,64.19,0.62,35.18
278,3_4,1o,64.16,0.73,35.11
279,3_4,1o,64.16,0.74,35.1
280,6_T,1s,64.13,0.69,35.18
281,8_9,2osame,64.08,0.72,35.2
282,8_9,2osame,64.08,0.72,35.2
283,8_Q,1o,64.06,0.67,35.27
284,4_6,1o,64.02,0.67,35.31
285,4_6,1o,64.02,0.68,35.3
286,5_7,2osame,63.97,0.73,35.3
287,5_7,2osame,63.97,0.73,35.3
288,3_T,2s,63.97,0.66,35.37
289,9_Q,1o,63.8,0.68,35.53
290,3_5,1o,63.77,0.71,35.52
291,9_T,2odifferent,63.77,0.58,35.65
292,3_5,1o,63.76,0.73,35.51
293,7_9,2odifferent,63.7,0.55,35.75
294,6_8,2odifferent,63.69,0.54,35.76
295,2_6,1s,63.66,0.74,35.6
296,3_4,2odifferent,63.66,0.68,35.66
297,4_T,2s,63.61,0.65,35.74
298,8_9,1o,63.59,0.64,35.77
299,8_9,1o,63.59,0.64,35.76
300,9_Q,2osame,63.58,0.76,35.67
301,5_T,2s,63.57,0.65,35.78
302,7_8,2osame,63.53,0.71,35.76
303,7_8,2osame,63.53,0.71,35.76
304,4_6,2odifferent,63.53,0.6,35.87
305,5_7,1o,63.49,0.66,35.85
306,5_7,1o,63.48,0.66,35.86
307,2_9,2s,63.37,0.66,35.97
308,6_7,2osame,63.34,0.69,35.97
309,6_7,2osame,63.34,0.69,35.97
310,9_Q,2odifferent,63.32,0.6,36.08
311,3_5,2odifferent,63.28,0.65,36.07
312,3_7,1s,63.14,0.73,36.13
313,5_9,1s,63.13,0.72,36.15
314,9_Q,1o,63.11,0.68,36.21
315,8_9,2odifferent,63.1,0.56,36.33
316,5_6,2osame,63.1,0.74,36.17
317,5_6,2osame,63.1,0.74,36.17
318,4_8,1s,63.07,0.73,36.2
319,7_8,1o,63.06,0.63,36.32
320,7_8,1o,63.05,0.63,36.32
321,3_9,2s,63.01,0.65,36.34
322,7_T,1s,63.0,0.69,36.31
323,5_7,2odifferent,63.0,0.58,36.42
324,T_Q,2osame,62.96,0.76,36.28
325,2_7,2s,62.96,0.66,36.39
326,4_9,2s,62.96,0.65,36.39
327,2_8,2s,62.93,0.66,36.41
328,3_8,2s,62.88,0.65,36.46
329,6_7,1o,62.86,0.61,36.53
330,6_7,1o,62.86,0.61,36.52
331,2_3,1s,62.84,0.79,36.37
332,4_5,2osame,62.83,0.77,36.39
333,4_5,2osame,62.83,0.77,36.39
334,6_T,2s,62.67,0.61,36.72
335,5_6,1o,62.63,0.66,36.71
336,5_6,1o,62.63,0.66,36.72
337,7_8,2odifferent,62.57,0.55,36.88
338,2_Q,1s,62.53,0.77,36.69
339,T_Q,1o,62.51,0.68,36.8
340,2_4,1s,62.47,0.78,36.76
341,6_7,2odifferent,62.38,0.54,37.08
342,4_5,1o,62.37,0.71,36.93
343,4_5,1o,62.37,0.7,36.93
344,3_6,1s,62.33,0.73,36.94
345,T_Q,2osame,62.27,0.76,36.97
346,6_9,1s,62.26,0.68,37.06
347,2_6,2s,62.17,0.66,37.17
348,3_Q,1s,62.16,0.76,37.07
349,5_6,2odifferent,62.16,0.58,37.26
350,2_5,1s,62.1,0.77,37.13
351,8_T,1s,62.09,0.7,37.21
352,T_Q,2odifferent,62.06,0.6,37.34
353,7_Q,1s,61.96,0.71,37.33
354,4_5,2odifferent,61.9,0.63,37.47
355,T_Q,1o,61.83,0.68,37.49
356,4_7,1s,61.81,0.72,37.47
357,4_Q,1s,61.8,0.75,37.45
358,6_Q,1s,61.78,0.7,37.52
359,5_8,1s,61.75,0.72,37.53
360,5_9,2s,61.69,0.64,37.67
361,3_7,2s,61.67,0.65,37.68
362,2_Q,2s,61.64,0.69,37.67
363,7_T,2s,61.63,0.61,37.76
364,4_8,2s,61.61,0.64,37.75
365,5_Q,1s,61.44,0.74,37.82
366,2_3,2s,61.39,0.73,37.89
367,3_Q,2s,61.28,0.68,38.04
368,6_8,1s,61.16,0.68,38.16
369,9_T,1s,61.15,0.71,38.14
370,7_9,1s,61.13,0.68,38.19
371,3_4,1s,61.13,0.77,38.1
372,7_Q,2s,61.07,0.63,38.3
373,8_Q,1s,61.05,0.72,38.23
374,2_4,2s,61.02,0.71,38.27
375,4_6,1s,61.0,0.72,38.28
376,4_Q,2s,60.92,0.67,38.41
377,6_Q,2s,60.9,0.62,38.48
378,3_6,2s,60.88,0.65,38.47
379,6_9,2s,60.85,0.6,38.56
380,8_T,2s,60.8,0.62,38.58
381,3_5,1s,60.77,0.76,38.48
382,2_5,2s,60.67,0.69,38.65
383,5_Q,2s,60.57,0.66,38.77
384,8_9,1s,60.52,0.69,38.78
385,5_7,1s,60.49,0.71,38.8
386,4_7,2s,60.4,0.64,38.97
387,5_8,2s,60.33,0.63,39.03
388,8_Q,2s,60.24,0.64,39.12
389,9_Q,1s,60.12,0.72,39.16
390,7_8,1s,60.03,0.68,39.29
391,9_T,2s,59.92,0.63,39.45
392,6_7,1s,59.91,0.67,39.43
393,7_9,2s,59.8,0.6,39.6
394,6_8,2s,59.76,0.59,39.65
395,3_4,2s,59.74,0.69,39.56
396,5_6,1s,59.68,0.71,39.61
397,4_6,2s,59.61,0.64,39.76
398,4_5,1s,59.44,0.75,39.81
399,3_5,2s,59.38,0.68,39.94
400,9_Q,2s,59.37,0.64,39.98
401,8_9,2s,59.25,0.61,40.14
402,5_7,2s,59.13,0.63,40.25
403,T_Q,1s,58.86,0.73,40.41
404,7_8,2s,58.72,0.6,40.68
405,6_7,2s,58.55,0.58,40.86
406,5_6,2s,58.34,0.63,41.04
407,T_Q,2s,58.21,0.65,41.14
408,4_5,2s,58.11,0.67,41.23
409,6_A,1o,52.99,1.26,45.75
410,8_A,1o,52.74,1.26,46.0
411,6_A,2odifferent,52.67,1.18,46.16
412,6_A,2osame,52.64,1.34,46.02
413,6_A,2osame,52.64,1.34,46.02
414,7_A,1o,52.56,1.25,46.19
415,9_A,1o,52.47,1.54,45.99
416,2_A,1o,52.42,1.34,46.24
417,8_A,2odifferent,52.41,1.18,46.41
418,8_A,2osame,52.38,1.34,46.27
419,8_A,2osame,52.38,1.34,46.28
420,6_A,1o,52.32,1.26,46.42
421,3_A,1o,52.25,1.32,46.43
422,7_A,2odifferent,52.24,1.16,46.6
423,7_A,2osame,52.2,1.33,46.47
424,7_A,2osame,52.2,1.33,46.47
425,9_A,2odifferent,52.14,1.45,46.4
426,9_A,2osame,52.11,1.63,46.26
427,9_A,2osame,52.11,1.63,46.26
428,2_A,2odifferent,52.1,1.3,46.6
429,4_A,1o,52.07,1.31,46.62
430,2_A,2osame,52.07,1.42,46.51
431,8_A,1o,52.06,1.26,46.68
432,2_A,2osame,52.06,1.42,46.52
433,3_A,2odifferent,51.93,1.26,46.81
434,7_A,1o,51.89,1.25,46.87
435,5_A,1o,51.89,1.29,46.81
436,3_A,2osame,51.89,1.41,46.71
437,3_A,2osame,51.88,1.41,46.71
438,9_A,1o,51.79,1.54,46.67
439,4_A,2odifferent,51.76,1.23,47.01
440,2_A,1o,51.74,1.38,46.88
441,4_A,2osame,51.71,1.39,46.9
442,4_A,2osame,51.7,1.39,46.9
443,5_A,2odifferent,51.59,1.21,47.2
444,3_A,1o,51.57,1.35,47.08
445,5_A,2osame,51.53,1.38,47.09
446,5_A,2osame,51.53,1.38,47.1
447,4_A,1o,51.4,1.32,47.28
448,5_A,1o,51.22,1.3,47.48
449,6_A,1s,50.0,1.27,48.73
450,8_A,1s,49.75,1.27,48.98
451,7_A,1s,49.59,1.26,49.15
452,9_A,1s,49.54,1.53,48.93
453,2_A,1s,49.46,1.34,49.21
454,3_A,1s,49.29,1.33,49.38
455,6_A,2s,49.26,1.18,49.55
456,4_A,1s,49.13,1.32,49.55
457,2_2,2osame,49.13,0.92,49.95
458,8_A,2s,49.04,1.18,49.77
459,5_A,1s,48.97,1.3,49.73
460,7_A,2s,48.88,1.17,49.94
461,9_A,2s,48.85,1.44,49.71
462,2_A,2s,48.74,1.25,50.01
463,2_2,1o,48.73,0.88,50.38
464,3_A,2s,48.58,1.24,50.18
465,3_3,2osame,48.5,0.81,50.69
466,4_A,2s,48.43,1.23,50.35
467,2_2,2odifferent,48.33,0.85,50.82
468,5_A,2s,48.27,1.21,50.52
469,3_3,1o,48.1,0.76,51.14
470,4_4,2osame,47.93,0.71,51.36
471,3_3,2odifferent,47.71,0.7,51.59
472,4_4,1o,47.53,0.64,51.82
473,5_5,2osame,47.41,0.62,51.97
474,6_6,2osame,47.14,0.54,52.33
475,4_4,2odifferent,47.14,0.58,52.28
476,5_5,1o,47.02,0.55,52.43
477,6_6,1o,46.75,0.46,52.79
478,5_5,2odifferent,46.64,0.47,52.89
479,6_6,2odifferent,46.36,0.38,53.26
480,7_7,2osame,46.35,0.5,53.15
481,8_8,2osame,46.2,0.49,53.31
482,7_7,1o,45.97,0.42,53.61
483,8_8,1o,45.81,0.41,53.78
484,7_7,2odifferent,45.59,0.34,54.08
485,8_8,2odifferent,45.42,0.33,54.25
486,9_9,2osame,44.87,0.47,54.66
487,9_9,1o,44.49,0.39,55.12
488,9_9,2odifferent,44.11,0.31,55.58
489,T_T,2osame,43.62,0.47,55.91
490,T_T,1o,43.24,0.39,56.37
491,T_T,2odifferent,42.87,0.31,56.82
492,T_A,1o,40.31,12.04,47.65
493,T_A,2odifferent,40.1,11.87,48.03
494,T_A,2osame,39.85,12.21,47.95
495,T_A,2osame,39.85,12.21,47.95
496,T_A,1o,39.64,12.04,48.32
497,T_A,1s,38.18,11.28,50.54
498,T_A,2s,37.66,11.12,51.22
499,Q_A,2odifferent,37.24,0.39,62.37
500,Q_A,2osame,36.87,0.55,62.58
501,Q_A,1o,36.72,0.47,62.81
502,Q_A,1o,36.71,0.47,62.82
503,Q_A,2osame,36.18,0.55,63.27
504,Q_A,1s,35.25,0.52,64.23
505,Q_A,2s,34.87,0.44,64.69
506,J_J,2odifferent,30.78,1.58,67.63
507,Q_Q,2odifferent,28.46,0.33,71.21
508,Q_Q,2osame,28.04,0.49,71.46
509,Q_Q,1o,27.89,0.41,71.7
510,K_A,2odifferent,25.62,1.07,73.31
511,J_A,2odifferent,25.27,1.48,73.25
512,K_A,1o,24.93,1.15,73.92
513,K_A,1o,24.87,1.15,73.98
514,J_A,1o,24.57,1.58,73.85
515,J_A,2osame,24.54,1.67,73.79
516,K_A,1s,24.34,1.21,74.45
517,K_A,2osame,24.16,1.24,74.59
518,K_A,2s,24.03,1.11,74.86
519,J_A,2s,23.71,1.49,74.79
520,Q_K,2odifferent,23.66,5.52,70.83
521,Q_K,1o,22.93,5.61,71.45
522,Q_K,1o,22.88,5.62,71.5
523,Q_K,2osame,22.88,5.73,71.39
524,Q_K,1s,22.49,5.46,72.05
525,Q_K,2s,22.28,5.33,72.38
526,A_A,2odifferent,13.92,0.31,85.76
527,A_A,1o,13.12,0.39,86.48
528,A_A,2osame,12.32,0.47,87.21
529,K_K,2odifferent,9.13,1.15,89.72
530,K_K,1o,8.23,1.24,90.53
531,J_K,2odifferent,2.17,95.65,2.17
532,J_K,2s,2.17,90.67,7.16
533,J_K,1o,1.09,97.09,1.82
534,J_K,2osame,0.74,98.52,0.74
