,vs_Hand,type,Equity_%,Draws_%,Loses_%
0,2_K,1o,94.16,1.53,4.31
1,3_K,1o,93.73,1.52,4.76
2,8_K,1o,93.35,1.44,5.21
3,2_K,2odifferent,93.29,1.48,5.23
4,4_K,1o,93.29,1.5,5.21
5,6_K,1o,92.92,1.43,5.65
6,7_K,1o,92.92,1.43,5.65
7,3_K,2odifferent,92.87,1.45,5.69
8,5_K,1o,92.86,1.49,5.65
9,8_K,2odifferent,92.5,1.35,6.15
10,4_K,2odifferent,92.45,1.42,6.14
11,6_K,2odifferent,92.08,1.34,6.59
12,7_K,2odifferent,92.08,1.34,6.59
13,5_K,2odifferent,92.02,1.4,6.58
14,9_K,1o,91.97,1.34,6.69
15,9_K,2odifferent,91.14,1.25,7.61
16,Q_K,1o,90.96,1.26,7.78
17,J_K,1o,90.53,1.24,8.23
18,Q_K,2odifferent,90.14,1.16,8.7
19,T_K,1o,90.1,1.23,8.67
20,J_K,2odifferent,89.72,1.15,9.13
21,2_Q,2osame,89.38,0.53,10.09
22,2_Q,2osame,89.38,0.53,10.09
23,T_K,2odifferent,89.3,1.13,9.57
24,2_J,2osame,88.94,0.52,10.54
25,2_J,2osame,88.94,0.52,10.54
26,3_Q,2osame,88.94,0.52,10.54
27,3_Q,2osame,88.94,0.52,10.54
28,2_Q,1o,88.62,0.45,10.93
29,2_Q,1o,88.62,0.49,10.89
30,7_Q,2osame,88.55,0.44,11.0
31,7_Q,2osame,88.55,0.44,11.0
32,2_T,2osame,88.5,0.5,11.0
33,3_J,2osame,88.5,0.5,11.0
34,2_T,2osame,88.5,0.5,11.0
35,3_J,2osame,88.5,0.5,11.0
36,4_Q,2osame,88.5,0.5,11.0
37,4_Q,2osame,88.5,0.5,11.0
38,2_K,2s,88.49,1.41,10.1
39,2_7,2osame,88.43,0.49,11.08
40,3_8,2osame,88.43,0.49,11.08
41,3_8,2osame,88.43,0.49,11.08
42,2_8,2osame,88.43,0.49,11.08
43,2_8,2osame,88.43,0.49,11.08
44,2_7,2osame,88.43,0.49,11.08
45,2_9,2osame,88.3,0.49,11.21
46,2_9,2osame,88.3,0.49,11.21
47,3_Q,1o,88.19,0.46,11.35
48,2_J,1o,88.19,0.44,11.38
49,2_J,1o,88.19,0.48,11.33
50,3_Q,1o,88.18,0.44,11.38
51,6_J,2osame,88.12,0.43,11.46
52,6_Q,2osame,88.12,0.43,11.45
53,6_J,2osame,88.12,0.43,11.46
54,6_Q,2osame,88.12,0.43,11.45
55,3_K,2s,88.1,1.4,10.5
56,5_Q,2osame,88.06,0.49,11.45
57,3_T,2osame,88.06,0.49,11.45
58,3_T,2osame,88.06,0.49,11.45
59,4_J,2osame,88.06,0.49,11.45
60,5_Q,2osame,88.06,0.49,11.45
61,4_J,2osame,88.06,0.49,11.45
62,4_9,2osame,87.86,0.48,11.66
63,3_9,2osame,87.86,0.48,11.66
64,4_9,2osame,87.86,0.48,11.66
65,3_9,2osame,87.86,0.48,11.66
66,2_Q,2odifferent,87.86,0.41,11.73
67,7_Q,1o,87.81,0.36,11.82
68,7_Q,1o,87.8,0.36,11.83
69,2_T,1o,87.76,0.47,11.78
70,2_T,1o,87.76,0.42,11.82
71,4_Q,1o,87.76,0.43,11.81
72,3_J,1o,87.76,0.45,11.8
73,8_K,2s,87.75,1.34,10.91
74,4_Q,1o,87.75,0.42,11.83
75,3_J,1o,87.75,0.42,11.82
76,4_K,2s,87.7,1.39,10.91
77,2_7,1o,87.69,0.41,11.9
78,2_8,1o,87.69,0.45,11.86
79,2_8,1o,87.69,0.41,11.9
80,3_8,1o,87.69,0.41,11.91
81,2_7,1o,87.68,0.45,11.86
82,3_8,1o,87.68,0.43,11.88
83,5_J,2osame,87.62,0.47,11.91
84,5_T,2osame,87.62,0.47,11.91
85,4_T,2osame,87.62,0.47,11.9
86,5_T,2osame,87.62,0.47,11.91
87,5_J,2osame,87.62,0.47,11.91
88,4_T,2osame,87.62,0.47,11.9
89,2_9,1o,87.56,0.41,12.03
90,2_9,1o,87.56,0.46,11.99
91,2_J,2odifferent,87.44,0.4,12.17
92,3_Q,2odifferent,87.43,0.38,12.19
93,6_J,1o,87.38,0.35,12.26
94,6_Q,1o,87.38,0.35,12.26
95,6_Q,1o,87.37,0.35,12.28
96,6_J,1o,87.37,0.35,12.28
97,6_K,2s,87.36,1.33,11.31
98,7_K,2s,87.36,1.33,11.31
99,3_T,1o,87.33,0.43,12.24
100,4_J,1o,87.33,0.42,12.25
101,5_Q,1o,87.33,0.41,12.26
102,3_T,1o,87.33,0.41,12.27
103,5_Q,1o,87.32,0.41,12.28
104,4_J,1o,87.32,0.41,12.27
105,5_K,2s,87.31,1.38,11.31
106,8_Q,2osame,87.26,0.46,12.29
107,8_Q,2osame,87.26,0.46,12.29
108,3_9,1o,87.13,0.4,12.47
109,4_9,1o,87.12,0.4,12.48
110,4_9,1o,87.12,0.41,12.46
111,3_9,1o,87.12,0.43,12.45
112,2_6,2osame,87.09,0.49,12.41
113,2_6,2osame,87.09,0.49,12.41
114,7_Q,2odifferent,87.06,0.28,12.65
115,2_T,2odifferent,87.01,0.39,12.6
116,3_J,2odifferent,87.01,0.37,12.62
117,4_Q,2odifferent,87.01,0.35,12.64
118,J_Q,2osame,86.95,0.49,12.56
119,J_Q,2osame,86.95,0.49,12.56
120,2_8,2odifferent,86.94,0.37,12.69
121,2_7,2odifferent,86.94,0.37,12.69
122,3_8,2odifferent,86.94,0.35,12.71
123,5_J,1o,86.9,0.4,12.7
124,4_T,1o,86.9,0.41,12.7
125,5_T,1o,86.9,0.4,12.71
126,4_T,1o,86.89,0.39,12.71
127,5_J,1o,86.89,0.39,12.72
128,5_T,1o,86.89,0.39,12.72
129,9_Q,2osame,86.84,0.47,12.69
130,9_Q,2osame,86.84,0.47,12.69
131,2_9,2odifferent,86.81,0.38,12.81
132,7_J,2osame,86.78,0.43,12.79
133,7_J,2osame,86.78,0.43,12.79
134,4_8,2osame,86.65,0.48,12.87
135,3_7,2osame,86.65,0.48,12.87
136,3_7,2osame,86.65,0.48,12.87
137,4_8,2osame,86.65,0.48,12.87
138,6_J,2odifferent,86.64,0.27,13.09
139,6_Q,2odifferent,86.64,0.27,13.09
140,3_T,2odifferent,86.59,0.35,13.06
141,4_J,2odifferent,86.59,0.34,13.07
142,5_Q,2odifferent,86.59,0.33,13.08
143,8_Q,1o,86.53,0.38,13.09
144,8_Q,1o,86.52,0.38,13.1
145,T_Q,2osame,86.51,0.48,13.01
146,T_Q,2osame,86.51,0.48,13.01
147,9_K,2s,86.47,1.26,12.27
148,3_9,2odifferent,86.39,0.35,13.26
149,4_9,2odifferent,86.39,0.33,13.28
150,2_6,1o,86.37,0.41,13.21
151,2_6,1o,86.37,0.46,13.18
152,6_T,2osame,86.34,0.42,13.24
153,6_T,2osame,86.34,0.42,13.24
154,J_Q,1o,86.23,0.41,13.36
155,J_Q,1o,86.23,0.41,13.36
156,5_J,2odifferent,86.16,0.32,13.52
157,5_T,2odifferent,86.16,0.32,13.52
158,4_T,2odifferent,86.16,0.33,13.51
159,2_3,2osame,86.14,0.57,13.29
160,2_3,2osame,86.14,0.57,13.29
161,9_Q,1o,86.13,0.39,13.49
162,9_Q,1o,86.12,0.39,13.49
163,5_9,2osame,86.08,0.47,13.45
164,5_9,2osame,86.08,0.47,13.45
165,7_J,1o,86.06,0.35,13.59
166,7_J,1o,86.06,0.35,13.58
167,3_7,1o,85.94,0.4,13.66
168,4_8,1o,85.94,0.4,13.67
169,4_8,1o,85.94,0.41,13.65
170,3_7,1o,85.94,0.42,13.64
171,T_Q,1o,85.8,0.4,13.8
172,T_Q,1o,85.8,0.4,13.8
173,8_Q,2odifferent,85.8,0.3,13.9
174,2_4,2osame,85.7,0.55,13.74
175,2_4,2osame,85.7,0.55,13.74
176,2_6,2odifferent,85.65,0.38,13.98
177,6_T,1o,85.63,0.34,14.02
178,6_T,1o,85.63,0.34,14.03
179,Q_K,2s,85.54,1.19,13.27
180,J_Q,2odifferent,85.52,0.33,14.15
181,8_J,2osame,85.48,0.45,14.07
182,8_J,2osame,85.48,0.45,14.07
183,2_3,1o,85.43,0.53,14.04
184,2_3,1o,85.43,0.51,14.06
185,9_Q,2odifferent,85.41,0.31,14.29
186,5_9,1o,85.38,0.4,14.23
187,5_9,1o,85.37,0.39,14.24
188,7_J,2odifferent,85.34,0.27,14.38
189,3_6,2osame,85.32,0.48,14.2
190,3_6,2osame,85.32,0.48,14.2
191,2_5,2osame,85.26,0.54,14.2
192,2_5,2osame,85.26,0.54,14.2
193,3_7,2odifferent,85.22,0.34,14.44
194,4_8,2odifferent,85.22,0.33,14.45
195,J_K,2s,85.14,1.18,13.68
196,T_Q,2odifferent,85.1,0.32,14.59
197,9_J,2osame,85.07,0.46,14.48
198,9_J,2osame,85.07,0.46,14.48
199,7_T,2osame,85.0,0.42,14.58
200,7_T,2osame,85.0,0.42,14.58
201,2_4,1o,85.0,0.49,14.51
202,2_4,1o,85.0,0.52,14.49
203,2_Q,1s,84.97,0.5,14.53
204,6_T,2odifferent,84.92,0.26,14.82
205,4_7,2osame,84.88,0.47,14.66
206,4_7,2osame,84.88,0.47,14.66
207,5_8,2osame,84.88,0.47,14.66
208,5_8,2osame,84.88,0.47,14.66
209,6_9,2osame,84.8,0.42,14.78
210,6_9,2osame,84.8,0.42,14.78
211,8_J,1o,84.78,0.37,14.86
212,8_J,1o,84.78,0.37,14.85
213,T_K,2s,84.75,1.17,14.08
214,T_J,2osame,84.73,0.46,14.8
215,T_J,2osame,84.73,0.46,14.8
216,2_3,2odifferent,84.72,0.47,14.81
217,5_9,2odifferent,84.67,0.32,15.02
218,3_6,1o,84.62,0.4,14.97
219,3_6,1o,84.62,0.43,14.96
220,2_5,1o,84.57,0.46,14.97
221,2_5,1o,84.56,0.5,14.94
222,2_J,1s,84.56,0.49,14.95
223,3_Q,1s,84.56,0.49,14.95
224,9_J,1o,84.38,0.38,15.24
225,9_J,1o,84.37,0.38,15.25
226,7_T,1o,84.32,0.34,15.34
227,7_T,1o,84.31,0.34,15.35
228,2_4,2odifferent,84.29,0.45,15.26
229,7_Q,1s,84.21,0.43,15.37
230,4_7,1o,84.19,0.39,15.42
231,5_8,1o,84.19,0.39,15.43
232,5_8,1o,84.19,0.39,15.42
233,4_7,1o,84.19,0.4,15.41
234,3_J,1s,84.16,0.48,15.36
235,2_T,1s,84.16,0.48,15.36
236,4_Q,1s,84.15,0.48,15.36
237,6_9,1o,84.11,0.34,15.55
238,6_9,1o,84.11,0.34,15.55
239,3_8,1s,84.1,0.47,15.43
240,2_8,1s,84.1,0.47,15.43
241,2_7,1s,84.1,0.47,15.43
242,8_J,2odifferent,84.08,0.29,15.64
243,T_J,1o,84.06,0.39,15.56
244,T_J,1o,84.05,0.39,15.56
245,2_9,1s,83.97,0.48,15.55
246,3_4,2osame,83.93,0.54,15.53
247,3_4,2osame,83.93,0.54,15.53
248,3_6,2odifferent,83.92,0.35,15.73
249,2_5,2odifferent,83.87,0.43,15.7
250,6_Q,1s,83.8,0.42,15.78
251,6_J,1s,83.8,0.42,15.78
252,4_J,1s,83.75,0.47,15.78
253,5_Q,1s,83.75,0.47,15.78
254,3_T,1s,83.75,0.47,15.78
255,8_T,2osame,83.71,0.44,15.86
256,8_T,2osame,83.71,0.44,15.86
257,2_Q,2s,83.7,0.42,15.88
258,9_J,2odifferent,83.69,0.3,16.02
259,7_T,2odifferent,83.62,0.26,16.11
260,6_8,2osame,83.6,0.41,15.99
261,6_8,2osame,83.6,0.41,15.99
262,4_9,1s,83.57,0.47,15.97
263,3_9,1s,83.57,0.47,15.97
264,4_6,2osame,83.54,0.47,15.99
265,4_6,2osame,83.54,0.47,15.99
266,5_8,2odifferent,83.5,0.31,16.19
267,4_7,2odifferent,83.5,0.32,16.18
268,3_5,2osame,83.49,0.53,15.99
269,3_5,2osame,83.49,0.53,15.99
270,7_9,2osame,83.46,0.42,16.12
271,7_9,2osame,83.46,0.42,16.12
272,6_9,2odifferent,83.43,0.26,16.32
273,T_J,2odifferent,83.37,0.31,16.32
274,4_T,1s,83.35,0.46,16.19
275,5_T,1s,83.34,0.46,16.2
276,5_J,1s,83.34,0.46,16.2
277,2_J,2s,83.31,0.41,16.28
278,3_Q,2s,83.3,0.41,16.29
279,9_T,2osame,83.29,0.45,16.26
280,9_T,2osame,83.29,0.45,16.26
281,3_4,1o,83.25,0.47,16.28
282,3_4,1o,83.25,0.49,16.27
283,5_7,2osame,83.1,0.46,16.44
284,5_7,2osame,83.1,0.46,16.44
285,8_T,1o,83.03,0.36,16.61
286,8_T,1o,83.03,0.36,16.61
287,8_Q,1s,83.0,0.44,16.56
288,7_Q,2s,82.96,0.35,16.69
289,6_8,1o,82.93,0.34,16.74
290,6_8,1o,82.92,0.33,16.74
291,2_T,2s,82.91,0.4,16.69
292,4_Q,2s,82.91,0.4,16.69
293,3_J,2s,82.91,0.4,16.69
294,4_6,1o,82.87,0.4,16.73
295,4_6,1o,82.87,0.39,16.74
296,2_6,1s,82.84,0.47,16.69
297,2_7,2s,82.83,0.39,16.78
298,2_8,2s,82.83,0.39,16.78
299,3_8,2s,82.83,0.39,16.78
300,3_5,1o,82.82,0.45,16.73
301,3_5,1o,82.81,0.47,16.71
302,7_9,1o,82.8,0.34,16.86
303,7_9,1o,82.79,0.34,16.87
304,2_9,2s,82.72,0.39,16.89
305,J_Q,1s,82.65,0.46,16.88
306,9_T,1o,82.63,0.37,17.01
307,9_T,1o,82.63,0.37,17.0
308,8_9,2osame,82.59,0.43,16.98
309,8_9,2osame,82.59,0.43,16.98
310,9_Q,1s,82.58,0.45,16.97
311,6_J,2s,82.57,0.34,17.1
312,6_Q,2s,82.57,0.34,17.1
313,3_4,2odifferent,82.57,0.42,17.01
314,7_J,1s,82.54,0.42,17.04
315,4_J,2s,82.52,0.39,17.1
316,5_Q,2s,82.52,0.39,17.1
317,3_T,2s,82.52,0.39,17.09
318,5_7,1o,82.44,0.38,17.18
319,5_7,1o,82.44,0.38,17.19
320,3_7,1s,82.43,0.46,17.1
321,4_8,1s,82.43,0.46,17.1
322,8_T,2odifferent,82.36,0.28,17.37
323,Q_Q,2osame,82.35,0.55,17.1
324,3_9,2s,82.32,0.38,17.29
325,4_9,2s,82.32,0.38,17.29
326,6_8,2odifferent,82.26,0.26,17.49
327,7_8,2osame,82.26,0.42,17.33
328,7_8,2osame,82.26,0.42,17.33
329,T_Q,1s,82.25,0.45,17.3
330,4_6,2odifferent,82.2,0.33,17.47
331,2_2,2osame,82.19,0.58,17.24
332,3_5,2odifferent,82.15,0.4,17.46
333,6_T,1s,82.14,0.41,17.46
334,7_9,2odifferent,82.13,0.26,17.61
335,4_T,2s,82.12,0.38,17.5
336,5_J,2s,82.12,0.38,17.5
337,5_T,2s,82.12,0.38,17.5
338,9_T,2odifferent,81.97,0.29,17.75
339,J_J,2osame,81.96,0.52,17.52
340,8_9,1o,81.93,0.35,17.72
341,2_3,1s,81.93,0.54,17.53
342,8_9,1o,81.93,0.35,17.72
343,5_9,1s,81.9,0.46,17.64
344,6_7,2osame,81.82,0.4,17.78
345,6_7,2osame,81.82,0.4,17.78
346,5_7,2odifferent,81.78,0.3,17.92
347,8_Q,2s,81.78,0.36,17.87
348,5_6,2osame,81.76,0.46,17.78
349,5_6,2osame,81.76,0.46,17.78
350,3_3,2osame,81.75,0.55,17.7
351,4_5,2osame,81.71,0.52,17.77
352,4_5,2osame,81.71,0.52,17.77
353,Q_Q,1o,81.7,0.46,17.83
354,7_8,1o,81.61,0.34,18.06
355,7_8,1o,81.61,0.34,18.05
356,2_6,2s,81.61,0.39,18.0
357,T_T,2osame,81.57,0.49,17.95
358,2_2,1o,81.54,0.54,17.92
359,2_4,1s,81.53,0.53,17.94
360,J_Q,2s,81.52,0.38,18.1
361,9_Q,2s,81.4,0.36,18.23
362,7_J,2s,81.35,0.34,18.32
363,8_J,1s,81.33,0.43,18.24
364,4_4,2osame,81.32,0.52,18.16
365,J_J,1o,81.32,0.44,18.25
366,8_8,2osame,81.31,0.46,18.23
367,8_9,2odifferent,81.27,0.27,18.46
368,9_9,2osame,81.25,0.47,18.28
369,3_7,2s,81.22,0.38,18.41
370,4_8,2s,81.21,0.38,18.41
371,6_7,1o,81.18,0.32,18.5
372,6_7,1o,81.18,0.32,18.5
373,3_6,1s,81.17,0.46,18.36
374,2_5,1s,81.12,0.52,18.36
375,5_6,1o,81.12,0.39,18.49
376,3_3,1o,81.12,0.49,18.39
377,5_6,1o,81.12,0.38,18.5
378,T_Q,2s,81.12,0.37,18.5
379,4_5,1o,81.07,0.45,18.48
380,4_5,1o,81.07,0.44,18.49
381,Q_Q,2odifferent,81.05,0.38,18.56
382,7_8,2odifferent,80.96,0.26,18.79
383,6_T,2s,80.95,0.33,18.72
384,6_6,2osame,80.93,0.43,18.63
385,T_T,1o,80.93,0.41,18.66
386,9_J,1s,80.92,0.44,18.64
387,7_7,2osame,80.91,0.43,18.65
388,2_2,2odifferent,80.9,0.5,18.6
389,5_5,2osame,80.89,0.49,18.62
390,7_T,1s,80.87,0.41,18.72
391,4_7,1s,80.77,0.45,18.78
392,5_8,1s,80.77,0.45,18.78
393,2_3,2s,80.74,0.48,18.79
394,5_9,2s,80.71,0.37,18.92
395,4_4,1o,80.7,0.45,18.85
396,6_9,1s,80.69,0.41,18.9
397,J_J,2odifferent,80.68,0.36,18.97
398,8_8,1o,80.68,0.38,18.94
399,9_9,1o,80.62,0.39,18.99
400,T_J,1s,80.58,0.44,18.97
401,6_7,2odifferent,80.53,0.25,19.22
402,3_3,2odifferent,80.49,0.44,19.08
403,5_6,2odifferent,80.48,0.31,19.21
404,4_5,2odifferent,80.43,0.38,19.2
405,2_4,2s,80.34,0.46,19.2
406,6_6,1o,80.31,0.35,19.33
407,7_7,1o,80.3,0.35,19.35
408,T_T,2odifferent,80.3,0.33,19.37
409,5_5,1o,80.28,0.42,19.31
410,8_J,2s,80.16,0.35,19.49
411,4_4,2odifferent,80.07,0.38,19.54
412,8_8,2odifferent,80.05,0.3,19.65
413,3_6,2s,80.0,0.38,19.62
414,9_9,2odifferent,79.99,0.31,19.69
415,2_5,2s,79.95,0.44,19.62
416,3_4,1s,79.86,0.52,19.62
417,9_J,2s,79.79,0.36,19.85
418,7_T,2s,79.73,0.33,19.94
419,6_6,2odifferent,79.7,0.28,20.03
420,7_7,2odifferent,79.68,0.27,20.05
421,8_T,1s,79.67,0.42,19.91
422,5_5,2odifferent,79.66,0.34,20.0
423,4_7,2s,79.6,0.37,20.03
424,5_8,2s,79.6,0.37,20.03
425,6_8,1s,79.56,0.4,20.04
426,6_9,2s,79.54,0.32,20.14
427,4_6,1s,79.51,0.46,20.04
428,T_J,2s,79.51,0.36,20.13
429,3_5,1s,79.46,0.51,20.04
430,7_9,1s,79.43,0.41,20.16
431,9_T,1s,79.25,0.43,20.32
432,5_7,1s,79.1,0.44,20.46
433,3_4,2s,78.73,0.45,20.83
434,8_9,1s,78.61,0.42,20.97
435,8_T,2s,78.55,0.34,21.11
436,6_8,2s,78.43,0.32,21.25
437,4_6,2s,78.38,0.37,21.24
438,3_5,2s,78.33,0.43,21.24
439,7_9,2s,78.32,0.32,21.36
440,7_8,1s,78.3,0.4,21.3
441,9_T,2s,78.18,0.35,21.48
442,5_7,2s,77.99,0.36,21.65
443,6_7,1s,77.89,0.39,21.72
444,5_6,1s,77.84,0.45,21.71
445,4_5,1s,77.79,0.5,21.71
446,8_9,2s,77.52,0.33,22.15
447,7_8,2s,77.21,0.32,22.47
448,6_7,2s,76.82,0.31,22.87
449,5_6,2s,76.77,0.36,22.87
450,4_5,2s,76.72,0.42,22.86
451,Q_A,1o,71.95,0.42,27.63
452,8_A,1o,71.85,0.37,27.78
453,6_A,1o,71.84,0.37,27.78
454,9_A,1o,71.81,0.39,27.8
455,Q_A,2osame,71.72,0.5,27.78
456,Q_A,2osame,71.72,0.5,27.78
457,8_A,2osame,71.62,0.45,27.93
458,6_A,2osame,71.62,0.45,27.93
459,6_A,2osame,71.62,0.45,27.93
460,8_A,2osame,71.62,0.45,27.93
461,9_A,2osame,71.59,0.47,27.94
462,9_A,2osame,71.59,0.47,27.94
463,J_A,1o,71.56,0.41,28.04
464,2_A,1o,71.47,0.46,28.07
465,7_A,1o,71.46,0.36,28.19
466,Q_A,2odifferent,71.44,0.34,28.22
467,6_A,2odifferent,71.34,0.29,28.37
468,8_A,2odifferent,71.34,0.29,28.37
469,J_A,2osame,71.32,0.49,28.19
470,J_A,2osame,71.32,0.49,28.19
471,9_A,2odifferent,71.31,0.3,28.39
472,2_A,2osame,71.25,0.54,28.21
473,2_A,2osame,71.25,0.54,28.21
474,7_A,2osame,71.23,0.44,28.33
475,7_A,2osame,71.23,0.44,28.33
476,Q_A,1o,71.21,0.42,28.37
477,T_A,1o,71.17,0.39,28.44
478,6_A,1o,71.12,0.37,28.51
479,8_A,1o,71.12,0.37,28.51
480,9_A,1o,71.09,0.38,28.53
481,3_A,1o,71.08,0.45,28.47
482,J_A,2odifferent,71.06,0.33,28.61
483,2_A,2odifferent,70.97,0.42,28.61
484,7_A,2odifferent,70.96,0.28,28.76
485,T_A,2osame,70.93,0.47,28.6
486,T_A,2osame,70.93,0.47,28.6
487,3_A,2osame,70.85,0.53,28.62
488,3_A,2osame,70.85,0.53,28.62
489,J_A,1o,70.82,0.41,28.77
490,2_A,1o,70.74,0.5,28.75
491,7_A,1o,70.73,0.36,28.91
492,4_A,1o,70.69,0.43,28.87
493,T_A,2odifferent,70.68,0.31,29.01
494,3_A,2odifferent,70.59,0.39,29.02
495,4_A,2osame,70.46,0.51,29.03
496,4_A,2osame,70.46,0.51,29.03
497,T_A,1o,70.44,0.39,29.17
498,3_A,1o,70.36,0.47,29.17
499,5_A,1o,70.3,0.42,29.28
500,4_A,2odifferent,70.21,0.36,29.43
501,5_A,2osame,70.06,0.5,29.44
502,5_A,2osame,70.06,0.5,29.44
503,4_A,1o,69.97,0.45,29.59
504,5_A,2odifferent,69.82,0.34,29.83
505,K_A,2odifferent,69.61,0.79,29.6
506,5_A,1o,69.58,0.42,30.0
507,K_A,1o,69.38,0.88,29.74
508,Q_A,1s,68.19,0.47,31.33
509,8_A,1s,68.15,0.43,31.41
510,6_A,1s,68.15,0.43,31.41
511,9_A,1s,68.12,0.45,31.43
512,J_A,1s,67.83,0.46,31.71
513,7_A,1s,67.79,0.42,31.78
514,2_A,1s,67.79,0.51,31.7
515,Q_A,2s,67.68,0.39,31.92
516,6_A,2s,67.6,0.35,32.05
517,8_A,2s,67.59,0.35,32.05
518,9_A,2s,67.57,0.36,32.07
519,T_A,1s,67.47,0.45,32.08
520,3_A,1s,67.43,0.5,32.07
521,J_A,2s,67.33,0.38,32.29
522,7_A,2s,67.24,0.34,32.42
523,2_A,2s,67.24,0.43,32.33
524,4_A,1s,67.07,0.49,32.45
525,T_A,2s,66.98,0.37,32.65
526,3_A,2s,66.89,0.42,32.69
527,5_A,1s,66.7,0.48,32.82
528,4_A,2s,66.54,0.41,33.06
529,5_A,2s,66.18,0.4,33.42
530,K_A,2s,65.48,0.82,33.69
531,A_A,2odifferent,18.55,0.38,81.06
532,A_A,1o,17.82,0.46,81.71
533,A_A,2osame,17.09,0.54,82.36
534,K_K,2odifferent,2.17,95.65,2.17
