,vs_Hand,type,Equity_%,Draws_%,Loses_%
0,2_Q,2osame,76.32,2.89,20.79
1,3_Q,2osame,75.8,2.87,21.33
2,2_Q,1o,75.64,2.83,21.53
3,2_Q,1o,75.63,2.79,21.58
4,8_Q,2osame,75.33,2.76,21.91
5,4_Q,2osame,75.29,2.84,21.87
6,3_Q,1o,75.12,2.76,22.12
7,3_Q,1o,75.12,2.79,22.09
8,7_Q,2osame,75.03,2.76,22.21
9,2_Q,2odifferent,75.0,2.72,22.28
10,5_Q,2osame,74.78,2.82,22.4
11,6_Q,2osame,74.73,2.75,22.51
12,8_Q,1o,74.66,2.65,22.69
13,8_Q,1o,74.65,2.65,22.7
14,4_Q,1o,74.62,2.75,22.63
15,4_Q,1o,74.61,2.74,22.65
16,3_Q,2odifferent,74.49,2.68,22.83
17,7_Q,1o,74.36,2.65,22.99
18,7_Q,1o,74.35,2.65,23.0
19,5_Q,1o,74.12,2.72,23.16
20,5_Q,1o,74.11,2.71,23.18
21,6_Q,1o,74.07,2.65,23.28
22,6_Q,1o,74.06,2.65,23.29
23,8_Q,2odifferent,74.03,2.55,23.42
24,4_Q,2odifferent,73.99,2.64,23.36
25,7_Q,2odifferent,73.74,2.54,23.72
26,9_Q,2osame,73.72,2.68,23.61
27,J_Q,2osame,73.59,2.62,23.79
28,5_Q,2odifferent,73.5,2.61,23.89
29,6_Q,2odifferent,73.45,2.54,24.0
30,T_Q,2osame,73.26,2.6,24.14
31,9_Q,1o,73.07,2.57,24.36
32,9_Q,1o,73.06,2.57,24.38
33,J_Q,1o,72.94,2.51,24.55
34,J_Q,1o,72.94,2.5,24.56
35,T_Q,1o,72.61,2.5,24.89
36,T_Q,1o,72.6,2.49,24.9
37,9_Q,2odifferent,72.46,2.47,25.07
38,2_K,1o,72.33,6.14,21.53
39,J_Q,2odifferent,72.33,2.41,25.26
40,2_K,2osame,72.23,6.25,21.52
41,T_Q,2odifferent,72.01,2.39,25.59
42,3_K,1o,71.87,6.06,22.07
43,3_K,2osame,71.77,6.16,22.07
44,2_K,2odifferent,71.64,6.07,22.28
45,8_K,1o,71.6,5.76,22.64
46,J_K,1o,71.5,5.62,22.88
47,8_K,2osame,71.49,5.87,22.64
48,4_K,1o,71.42,5.98,22.6
49,J_K,2osame,71.39,5.73,22.88
50,4_K,2osame,71.31,6.09,22.6
51,7_K,1o,71.27,5.78,22.94
52,9_K,1o,71.23,5.68,23.09
53,3_K,2odifferent,71.2,5.98,22.83
54,T_K,1o,71.17,5.61,23.22
55,7_K,2osame,71.16,5.89,22.95
56,9_K,2osame,71.12,5.78,23.1
57,T_K,2osame,71.06,5.71,23.23
58,5_K,1o,70.96,5.91,23.12
59,6_K,1o,70.95,5.81,23.24
60,8_K,2odifferent,70.92,5.65,23.42
61,5_K,2osame,70.84,6.02,23.13
62,6_K,2osame,70.84,5.92,23.25
63,J_K,2odifferent,70.83,5.52,23.66
64,4_K,2odifferent,70.75,5.89,23.36
65,7_K,2odifferent,70.61,5.68,23.72
66,2_Q,2s,70.57,2.64,26.79
67,9_K,2odifferent,70.56,5.57,23.87
68,T_K,2odifferent,70.51,5.5,23.99
69,5_K,2odifferent,70.3,5.81,23.89
70,6_K,2odifferent,70.29,5.71,24.0
71,3_Q,2s,70.09,2.62,27.29
72,2_J,2osame,69.66,0.81,29.53
73,2_J,2osame,69.66,0.81,29.53
74,8_Q,2s,69.63,2.52,27.86
75,4_Q,2s,69.62,2.6,27.78
76,7_Q,2s,69.36,2.52,28.12
77,2_T,2osame,69.31,0.8,29.89
78,2_T,2osame,69.31,0.8,29.89
79,3_J,2osame,69.26,0.79,29.95
80,3_J,2osame,69.26,0.79,29.94
81,5_Q,2s,69.16,2.58,28.26
82,6_Q,2s,69.11,2.51,28.38
83,2_J,1o,69.09,0.73,30.18
84,2_J,1o,69.09,0.77,30.13
85,3_T,2osame,68.91,0.78,30.31
86,3_T,2osame,68.91,0.78,30.31
87,4_J,2osame,68.86,0.78,30.36
88,4_J,2osame,68.86,0.78,30.36
89,6_J,2osame,68.85,0.72,30.43
90,6_J,2osame,68.85,0.72,30.43
91,2_T,1o,68.75,0.72,30.54
92,2_T,1o,68.74,0.76,30.49
93,3_J,1o,68.7,0.74,30.56
94,3_J,1o,68.69,0.72,30.59
95,2_K,1s,68.59,5.96,25.45
96,2_J,2odifferent,68.52,0.69,30.78
97,4_T,2osame,68.51,0.77,30.72
98,4_T,2osame,68.51,0.77,30.72
99,5_J,2osame,68.48,0.77,30.76
100,5_T,2osame,68.47,0.77,30.76
101,5_T,2osame,68.47,0.77,30.76
102,5_J,2osame,68.47,0.77,30.76
103,2_9,2osame,68.36,0.78,30.86
104,2_9,2osame,68.36,0.78,30.86
105,3_T,1o,68.35,0.73,30.92
106,3_T,1o,68.35,0.7,30.95
107,4_J,1o,68.31,0.71,30.98
108,4_J,1o,68.3,0.7,31.0
109,6_J,1o,68.3,0.64,31.06
110,6_J,1o,68.29,0.64,31.07
111,2_7,2osame,68.25,0.78,30.97
112,2_7,2osame,68.25,0.78,30.97
113,2_8,2osame,68.22,0.78,31.0
114,2_8,2osame,68.22,0.78,31.0
115,9_Q,2s,68.21,2.45,29.34
116,2_T,2odifferent,68.18,0.68,31.13
117,3_8,2osame,68.17,0.78,31.05
118,3_8,2osame,68.17,0.78,31.05
119,3_K,1s,68.16,5.89,25.95
120,J_Q,2s,68.15,2.41,29.44
121,3_J,2odifferent,68.13,0.66,31.21
122,4_T,1o,67.96,0.7,31.34
123,3_9,2osame,67.96,0.77,31.27
124,3_9,2osame,67.96,0.77,31.28
125,4_T,1o,67.96,0.69,31.35
126,5_J,1o,67.93,0.69,31.38
127,5_T,1o,67.92,0.69,31.39
128,5_T,1o,67.92,0.69,31.38
129,5_J,1o,67.92,0.69,31.4
130,4_9,2osame,67.91,0.77,31.32
131,4_9,2osame,67.91,0.77,31.32
132,8_K,1s,67.87,5.59,26.53
133,T_Q,2s,67.86,2.4,29.74
134,2_9,1o,67.81,0.75,31.44
135,7_J,2osame,67.81,0.73,31.46
136,7_J,2osame,67.81,0.73,31.46
137,2_9,1o,67.81,0.7,31.48
138,3_T,2odifferent,67.79,0.65,31.56
139,4_J,2odifferent,67.75,0.63,31.62
140,6_J,2odifferent,67.74,0.57,31.7
141,J_K,1s,67.74,5.46,26.81
142,4_K,1s,67.73,5.81,26.45
143,2_7,1o,67.71,0.7,31.59
144,2_7,1o,67.7,0.74,31.56
145,2_8,1o,67.68,0.74,31.58
146,2_8,1o,67.68,0.7,31.62
147,3_8,1o,67.63,0.72,31.65
148,3_8,1o,67.63,0.7,31.67
149,7_K,1s,67.58,5.62,26.8
150,9_K,1s,67.51,5.51,26.97
151,6_T,2osame,67.48,0.71,31.81
152,6_T,2osame,67.47,0.71,31.82
153,T_K,1s,67.43,5.45,27.12
154,3_9,1o,67.42,0.69,31.9
155,3_9,1o,67.41,0.71,31.87
156,4_T,2odifferent,67.41,0.62,31.97
157,2_K,2s,67.4,5.81,26.79
158,4_9,1o,67.37,0.7,31.93
159,5_T,2odifferent,67.37,0.61,32.01
160,5_J,2odifferent,67.37,0.61,32.01
161,4_9,1o,67.37,0.69,31.94
162,5_K,1s,67.3,5.75,26.95
163,6_K,1s,67.29,5.65,27.06
164,2_9,2odifferent,67.26,0.67,32.07
165,7_J,1o,67.26,0.66,32.09
166,7_J,1o,67.26,0.66,32.08
167,2_7,2odifferent,67.16,0.66,32.18
168,2_8,2odifferent,67.13,0.66,32.2
169,3_8,2odifferent,67.08,0.64,32.27
170,3_K,2s,66.98,5.73,27.29
171,6_T,1o,66.94,0.63,32.43
172,6_T,1o,66.93,0.63,32.43
173,2_6,2osame,66.91,0.77,32.33
174,2_6,2osame,66.91,0.77,32.33
175,8_J,2osame,66.88,0.75,32.37
176,8_J,2osame,66.88,0.75,32.37
177,3_9,2odifferent,66.87,0.63,32.49
178,4_9,2odifferent,66.83,0.62,32.55
179,3_7,2osame,66.82,0.77,32.41
180,3_7,2osame,66.82,0.77,32.41
181,4_8,2osame,66.75,0.77,32.48
182,4_8,2osame,66.75,0.77,32.48
183,7_J,2odifferent,66.72,0.58,32.71
184,J_K,2s,66.72,5.33,27.94
185,8_K,2s,66.7,5.44,27.86
186,4_K,2s,66.56,5.66,27.78
187,5_9,2osame,66.5,0.76,32.75
188,5_9,2osame,66.5,0.76,32.75
189,T_K,2s,66.43,5.32,28.25
190,7_T,2osame,66.43,0.72,32.84
191,7_T,2osame,66.43,0.72,32.84
192,9_K,2s,66.41,5.37,28.21
193,7_K,2s,66.41,5.47,28.12
194,6_T,2odifferent,66.4,0.56,33.04
195,2_3,2osame,66.38,0.84,32.79
196,2_6,1o,66.38,0.69,32.92
197,2_6,1o,66.38,0.73,32.89
198,2_3,2osame,66.38,0.84,32.79
199,8_J,1o,66.35,0.67,32.98
200,8_J,1o,66.35,0.67,32.99
201,3_7,1o,66.3,0.69,33.01
202,3_7,1o,66.3,0.71,32.99
203,4_8,1o,66.23,0.69,33.09
204,4_8,1o,66.23,0.7,33.07
205,5_K,2s,66.14,5.6,28.26
206,6_K,2s,66.13,5.5,28.38
207,5_9,1o,65.98,0.68,33.34
208,5_9,1o,65.98,0.68,33.35
209,2_4,2osame,65.97,0.82,33.2
210,2_4,2osame,65.97,0.82,33.2
211,7_T,1o,65.91,0.65,33.45
212,7_T,1o,65.9,0.65,33.45
213,9_J,2osame,65.87,0.76,33.37
214,9_J,2osame,65.87,0.76,33.37
215,2_3,1o,65.86,0.8,33.34
216,2_3,1o,65.86,0.78,33.36
217,2_6,2odifferent,65.86,0.66,33.49
218,2_J,1s,65.83,0.77,33.39
219,8_J,2odifferent,65.82,0.59,33.59
220,3_7,2odifferent,65.77,0.63,33.59
221,4_8,2odifferent,65.7,0.62,33.68
222,2_5,2osame,65.58,0.81,33.61
223,2_5,2osame,65.58,0.81,33.61
224,2_T,1s,65.51,0.76,33.72
225,8_T,2osame,65.5,0.74,33.76
226,6_9,2osame,65.5,0.7,33.8
227,6_9,2osame,65.5,0.7,33.8
228,8_T,2osame,65.5,0.74,33.76
229,3_6,2osame,65.48,0.76,33.76
230,3_6,2osame,65.48,0.76,33.76
231,2_4,1o,65.47,0.76,33.78
232,3_J,1s,65.46,0.76,33.78
233,2_4,1o,65.46,0.79,33.75
234,5_9,2odifferent,65.46,0.6,33.94
235,4_7,2osame,65.4,0.76,33.84
236,4_7,2osame,65.4,0.76,33.84
237,7_T,2odifferent,65.38,0.57,34.05
238,9_J,1o,65.36,0.68,33.97
239,9_J,1o,65.35,0.68,33.97
240,2_3,2odifferent,65.34,0.75,33.91
241,5_8,2osame,65.34,0.75,33.91
242,5_8,2osame,65.34,0.75,33.91
243,3_T,1s,65.14,0.75,34.11
244,4_J,1s,65.1,0.75,34.15
245,6_J,1s,65.08,0.7,34.22
246,2_5,1o,65.08,0.73,34.19
247,2_5,1o,65.07,0.77,34.16
248,8_T,1o,64.99,0.66,34.35
249,6_9,1o,64.99,0.62,34.39
250,6_9,1o,64.99,0.62,34.38
251,8_T,1o,64.99,0.66,34.35
252,3_6,1o,64.98,0.68,34.34
253,3_6,1o,64.97,0.7,34.32
254,2_4,2odifferent,64.95,0.72,34.33
255,4_7,1o,64.9,0.69,34.41
256,4_7,1o,64.9,0.68,34.42
257,5_8,1o,64.84,0.68,34.48
258,9_J,2odifferent,64.84,0.6,34.56
259,5_8,1o,64.83,0.67,34.49
260,7_9,2osame,64.82,0.71,34.47
261,7_9,2osame,64.82,0.71,34.47
262,T_J,2osame,64.78,0.76,34.46
263,T_J,2osame,64.78,0.76,34.46
264,4_T,1s,64.77,0.74,34.49
265,5_J,1s,64.74,0.74,34.53
266,5_T,1s,64.74,0.74,34.52
267,7_8,2osame,64.67,0.71,34.62
268,7_8,2osame,64.66,0.71,34.62
269,2_9,1s,64.61,0.75,34.64
270,2_5,2odifferent,64.57,0.7,34.73
271,3_4,2osame,64.55,0.81,34.64
272,3_4,2osame,64.55,0.81,34.64
273,9_T,2osame,64.5,0.75,34.76
274,8_T,2odifferent,64.49,0.58,34.93
275,2_7,1s,64.49,0.75,34.76
276,9_T,2osame,64.49,0.75,34.76
277,6_9,2odifferent,64.49,0.55,34.97
278,2_8,1s,64.47,0.75,34.79
279,3_6,2odifferent,64.47,0.63,34.9
280,3_8,1s,64.42,0.75,34.84
281,4_7,2odifferent,64.39,0.61,34.99
282,6_8,2osame,64.34,0.7,34.96
283,6_8,2osame,64.34,0.7,34.96
284,5_8,2odifferent,64.33,0.6,35.07
285,7_9,1o,64.32,0.64,35.04
286,2_J,2s,64.32,0.69,34.99
287,7_9,1o,64.32,0.64,35.05
288,T_J,1o,64.28,0.68,35.04
289,T_J,1o,64.28,0.68,35.04
290,3_9,1s,64.23,0.74,35.03
291,8_9,2osame,64.21,0.73,35.07
292,8_9,2osame,64.2,0.73,35.07
293,4_9,1s,64.19,0.74,35.07
294,7_8,1o,64.17,0.63,35.19
295,7_8,1o,64.17,0.63,35.2
296,3_5,2osame,64.15,0.8,35.05
297,3_5,2osame,64.15,0.8,35.05
298,7_J,1s,64.11,0.71,35.18
299,4_6,2osame,64.06,0.75,35.19
300,3_4,1o,64.06,0.76,35.19
301,3_4,1o,64.06,0.74,35.2
302,4_6,2osame,64.06,0.75,35.19
303,2_T,2s,64.01,0.68,35.31
304,9_T,1o,64.0,0.67,35.34
305,9_T,1o,64.0,0.67,35.33
306,5_7,2osame,63.99,0.74,35.27
307,5_7,2osame,63.99,0.74,35.26
308,3_J,2s,63.96,0.68,35.36
309,6_8,1o,63.85,0.62,35.53
310,6_8,1o,63.85,0.62,35.52
311,7_9,2odifferent,63.82,0.56,35.62
312,6_T,1s,63.8,0.69,35.51
313,T_J,2odifferent,63.78,0.6,35.61
314,8_9,1o,63.71,0.65,35.64
315,8_9,1o,63.71,0.65,35.64
316,7_8,2odifferent,63.67,0.56,35.77
317,3_5,1o,63.67,0.72,35.61
318,3_5,1o,63.67,0.74,35.59
319,3_T,2s,63.64,0.67,35.69
320,4_J,2s,63.6,0.67,35.73
321,6_J,2s,63.58,0.62,35.8
322,4_6,1o,63.58,0.67,35.75
323,4_6,1o,63.57,0.68,35.75
324,3_4,2odifferent,63.57,0.69,35.74
325,5_7,1o,63.51,0.67,35.83
326,9_T,2odifferent,63.51,0.59,35.9
327,5_7,1o,63.51,0.67,35.82
328,6_8,2odifferent,63.36,0.54,36.1
329,4_T,2s,63.29,0.66,36.05
330,5_T,2s,63.25,0.66,36.09
331,5_J,2s,63.25,0.66,36.09
332,2_6,1s,63.24,0.74,36.02
333,8_9,2odifferent,63.23,0.57,36.21
334,8_J,1s,63.2,0.72,36.08
335,3_5,2odifferent,63.18,0.67,36.15
336,3_7,1s,63.16,0.74,36.1
337,2_9,2s,63.1,0.67,36.23
338,4_6,2odifferent,63.09,0.6,36.31
339,4_8,1s,63.09,0.74,36.17
340,5_7,2odifferent,63.02,0.59,36.39
341,6_7,2osame,62.99,0.69,36.32
342,6_7,2osame,62.99,0.69,36.32
343,2_7,2s,62.96,0.67,36.37
344,2_8,2s,62.94,0.66,36.4
345,3_8,2s,62.89,0.66,36.45
346,5_9,1s,62.87,0.73,36.4
347,7_T,1s,62.83,0.7,36.47
348,2_3,1s,62.75,0.8,36.45
349,3_9,2s,62.74,0.66,36.6
350,4_5,2osame,62.73,0.79,36.48
351,4_5,2osame,62.73,0.79,36.48
352,4_9,2s,62.69,0.66,36.65
353,5_6,2osame,62.65,0.73,36.62
354,5_6,2osame,62.65,0.73,36.62
355,7_J,2s,62.64,0.63,36.74
356,6_7,1o,62.52,0.61,36.87
357,6_7,1o,62.52,0.61,36.87
358,2_4,1s,62.37,0.79,36.84
359,6_T,2s,62.35,0.61,37.04
360,4_5,1o,62.27,0.72,37.01
361,4_5,1o,62.27,0.71,37.02
362,9_J,1s,62.24,0.72,37.04
363,5_6,1o,62.18,0.66,37.16
364,5_6,1o,62.18,0.66,37.16
365,6_7,2odifferent,62.05,0.53,37.41
366,2_5,1s,62.01,0.78,37.22
367,6_9,1s,61.93,0.68,37.39
368,8_T,1s,61.92,0.71,37.37
369,3_6,1s,61.91,0.73,37.36
370,4_7,1s,61.83,0.73,37.44
371,8_J,2s,61.81,0.64,37.56
372,4_5,2odifferent,61.8,0.64,37.55
373,5_8,1s,61.77,0.73,37.5
374,2_6,2s,61.76,0.66,37.58
375,5_6,2odifferent,61.72,0.58,37.7
376,3_7,2s,61.68,0.66,37.67
377,4_8,2s,61.61,0.65,37.74
378,5_9,2s,61.42,0.65,37.93
379,7_T,2s,61.41,0.62,37.98
380,7_9,1s,61.3,0.69,38.02
381,2_3,2s,61.29,0.74,37.97
382,T_J,1s,61.19,0.73,38.08
383,7_8,1s,61.12,0.69,38.2
384,3_4,1s,61.04,0.78,38.18
385,9_T,1s,60.95,0.71,38.33
386,2_4,2s,60.93,0.72,38.35
387,9_J,2s,60.9,0.64,38.46
388,6_8,1s,60.83,0.68,38.49
389,8_9,1s,60.69,0.7,38.62
390,3_5,1s,60.67,0.77,38.56
391,4_6,1s,60.58,0.72,38.69
392,8_T,2s,60.58,0.63,38.8
393,2_5,2s,60.57,0.7,38.73
394,6_9,2s,60.52,0.6,38.88
395,5_7,1s,60.52,0.72,38.77
396,3_6,2s,60.48,0.65,38.87
397,4_7,2s,60.4,0.65,38.95
398,5_8,2s,60.34,0.64,39.02
399,T_J,2s,59.93,0.65,39.42
400,7_9,2s,59.9,0.61,39.49
401,7_8,2s,59.73,0.6,39.67
402,9_T,2s,59.67,0.63,39.7
403,3_4,2s,59.65,0.71,39.65
404,6_7,1s,59.58,0.67,39.76
405,6_8,2s,59.44,0.59,39.97
406,4_5,1s,59.35,0.76,39.9
407,8_9,2s,59.35,0.62,40.03
408,3_5,2s,59.29,0.69,40.02
409,5_6,1s,59.26,0.71,40.02
410,4_6,2s,59.2,0.64,40.16
411,5_7,2s,59.13,0.64,40.23
412,6_7,2s,58.23,0.59,41.18
413,4_5,2s,58.01,0.68,41.31
414,5_6,2s,57.93,0.63,41.44
415,8_A,1o,53.56,0.64,45.81
416,9_A,1o,53.43,0.66,45.92
417,6_A,1o,53.38,0.62,45.99
418,7_A,1o,53.38,0.62,45.99
419,8_A,2odifferent,53.23,0.56,46.21
420,8_A,2osame,53.21,0.71,46.08
421,8_A,2osame,53.21,0.71,46.08
422,9_A,2odifferent,53.1,0.58,46.32
423,9_A,2osame,53.07,0.74,46.19
424,9_A,2osame,53.07,0.74,46.19
425,6_A,2odifferent,53.06,0.55,46.39
426,7_A,2odifferent,53.06,0.54,46.39
427,7_A,2osame,53.03,0.7,46.27
428,6_A,2osame,53.03,0.7,46.27
429,7_A,2osame,53.03,0.7,46.27
430,6_A,2osame,53.03,0.7,46.27
431,2_A,1o,52.99,0.71,46.3
432,8_A,1o,52.88,0.64,46.48
433,3_A,1o,52.81,0.7,46.49
434,9_A,1o,52.75,0.66,46.6
435,7_A,1o,52.71,0.62,46.67
436,6_A,1o,52.71,0.63,46.67
437,2_A,2odifferent,52.67,0.68,46.65
438,4_A,1o,52.64,0.68,46.68
439,2_A,2osame,52.63,0.79,46.57
440,2_A,2osame,52.63,0.79,46.58
441,3_A,2odifferent,52.5,0.65,46.86
442,5_A,1o,52.46,0.67,46.87
443,3_A,2osame,52.45,0.78,46.77
444,3_A,2osame,52.45,0.78,46.77
445,4_A,2odifferent,52.32,0.62,47.06
446,2_A,1o,52.31,0.76,46.93
447,4_A,2osame,52.27,0.76,46.96
448,4_A,2osame,52.27,0.76,46.96
449,5_A,2odifferent,52.15,0.6,47.25
450,3_A,1o,52.13,0.73,47.14
451,5_A,2osame,52.1,0.75,47.15
452,5_A,2osame,52.09,0.75,47.16
453,4_A,1o,51.96,0.7,47.34
454,5_A,1o,51.79,0.68,47.54
455,T_A,1o,51.76,0.66,47.57
456,T_A,2odifferent,51.47,0.58,47.95
457,T_A,2osame,51.38,0.74,47.87
458,T_A,2osame,51.38,0.74,47.87
459,T_A,1o,51.09,0.66,48.25
460,8_A,1s,50.52,0.69,48.78
461,9_A,1s,50.44,0.71,48.85
462,7_A,1s,50.37,0.68,48.95
463,6_A,1s,50.37,0.68,48.95
464,2_A,1s,49.98,0.76,49.26
465,3_A,1s,49.82,0.75,49.43
466,8_A,2s,49.79,0.61,49.6
467,9_A,2s,49.72,0.63,49.65
468,4_A,1s,49.66,0.74,49.6
469,6_A,2s,49.63,0.6,49.77
470,7_A,2s,49.63,0.6,49.77
471,5_A,1s,49.5,0.73,49.78
472,2_A,2s,49.27,0.68,50.05
473,3_A,2s,49.11,0.67,50.22
474,4_A,2s,48.95,0.66,50.39
475,T_A,1s,48.83,0.71,50.46
476,5_A,2s,48.79,0.64,50.56
477,2_2,2osame,48.77,0.93,50.3
478,2_2,1o,48.38,0.9,50.73
479,T_A,2s,48.21,0.63,51.16
480,3_3,2osame,48.14,0.83,51.04
481,2_2,2odifferent,47.98,0.86,51.16
482,3_3,1o,47.75,0.77,51.48
483,4_4,2osame,47.56,0.73,51.71
484,3_3,2odifferent,47.36,0.72,51.93
485,4_4,1o,47.18,0.66,52.16
486,5_5,2osame,47.05,0.63,52.32
487,4_4,2odifferent,46.79,0.59,52.62
488,6_6,2osame,46.68,0.52,52.8
489,5_5,1o,46.67,0.56,52.77
490,7_7,2osame,46.47,0.5,53.03
491,8_8,2osame,46.31,0.49,53.2
492,6_6,1o,46.3,0.44,53.25
493,5_5,2odifferent,46.28,0.49,53.23
494,7_7,1o,46.08,0.42,53.49
495,8_8,1o,45.92,0.41,53.66
496,6_6,2odifferent,45.92,0.37,53.71
497,7_7,2odifferent,45.7,0.34,53.96
498,8_8,2odifferent,45.54,0.33,54.13
499,9_9,2osame,44.93,0.48,54.59
500,9_9,1o,44.55,0.4,55.05
501,9_9,2odifferent,44.18,0.32,55.51
502,J_J,2osame,43.71,0.49,55.8
503,T_T,2osame,43.69,0.48,55.84
504,J_J,1o,43.33,0.41,56.26
505,T_T,1o,43.31,0.4,56.29
506,J_J,2odifferent,42.95,0.33,56.72
507,T_T,2odifferent,42.94,0.32,56.75
508,J_A,1o,40.34,12.27,47.39
509,J_A,2odifferent,40.13,12.11,47.76
510,J_A,2osame,39.88,12.44,47.68
511,J_A,2osame,39.88,12.44,47.68
512,J_A,1o,39.66,12.27,48.06
513,J_A,1s,38.21,11.5,50.28
514,J_A,2s,37.67,11.34,50.99
515,Q_Q,1o,30.92,1.23,67.85
516,Q_Q,2odifferent,30.76,1.14,68.11
517,Q_A,2odifferent,25.31,1.06,73.63
518,K_A,2odifferent,25.29,1.08,73.63
519,Q_A,1o,25.29,1.15,73.57
520,Q_A,1o,24.61,1.14,74.24
521,K_A,1o,24.59,1.17,74.25
522,Q_A,2osame,24.58,1.23,74.18
523,K_A,1s,24.04,1.22,74.74
524,K_A,2osame,23.82,1.25,74.92
525,Q_A,2s,23.75,1.1,75.15
526,K_A,2s,23.73,1.12,75.15
527,A_A,2odifferent,13.49,0.33,86.18
528,A_A,1o,12.68,0.41,86.92
529,A_A,2osame,11.86,0.49,87.65
530,K_K,2odifferent,8.7,1.16,90.14
531,Q_K,2odifferent,2.17,95.65,2.17
532,Q_K,2s,2.17,90.67,7.16
533,Q_K,1o,1.82,97.09,1.09
534,Q_K,2osame,0.74,98.52,0.74
