,vs_Hand,type,Equity_%,Draws_%,Loses_%
0,2_Q,1o,93.62,2.07,4.31
1,3_Q,1o,93.19,2.05,4.76
2,7_Q,1o,92.81,1.98,5.21
3,4_Q,1o,92.76,2.04,5.21
4,2_Q,2odifferent,92.76,2.01,5.23
5,6_Q,1o,92.38,1.97,5.65
6,3_Q,2odifferent,92.34,1.97,5.69
7,5_Q,1o,92.32,2.02,5.65
8,7_Q,2odifferent,91.97,1.88,6.15
9,4_Q,2odifferent,91.92,1.95,6.14
10,6_Q,2odifferent,91.55,1.87,6.59
11,5_Q,2odifferent,91.49,1.93,6.58
12,8_Q,1o,91.43,1.88,6.69
13,8_Q,2odifferent,90.61,1.78,7.61
14,9_Q,1o,90.05,1.78,8.17
15,2_J,2osame,89.25,0.51,10.25
16,2_J,2osame,89.25,0.51,10.25
17,9_Q,2odifferent,89.25,1.68,9.08
18,2_7,2osame,88.88,0.49,10.63
19,2_7,2osame,88.88,0.49,10.63
20,3_J,2osame,88.81,0.49,10.7
21,2_T,2osame,88.81,0.49,10.7
22,3_J,2osame,88.81,0.49,10.7
23,2_T,2osame,88.81,0.49,10.7
24,J_Q,1o,88.62,1.67,9.71
25,2_9,2osame,88.55,0.49,10.97
26,2_9,2osame,88.55,0.49,10.97
27,2_J,1o,88.49,0.43,11.08
28,2_J,1o,88.49,0.47,11.04
29,6_J,2osame,88.42,0.42,11.16
30,6_J,2osame,88.42,0.42,11.16
31,3_T,2osame,88.37,0.48,11.15
32,4_J,2osame,88.37,0.48,11.15
33,3_T,2osame,88.37,0.48,11.15
34,4_J,2osame,88.37,0.48,11.15
35,2_8,2osame,88.31,0.48,11.21
36,3_8,2osame,88.31,0.48,11.21
37,2_8,2osame,88.31,0.48,11.21
38,3_8,2osame,88.31,0.48,11.21
39,T_Q,1o,88.19,1.65,10.15
40,2_7,1o,88.13,0.41,11.46
41,2_7,1o,88.13,0.45,11.42
42,3_9,2osame,88.11,0.47,11.42
43,3_9,2osame,88.11,0.47,11.42
44,4_9,2osame,88.1,0.47,11.42
45,4_9,2osame,88.1,0.47,11.42
46,2_T,1o,88.06,0.41,11.53
47,3_J,1o,88.06,0.44,11.5
48,2_T,1o,88.06,0.46,11.48
49,3_J,1o,88.05,0.41,11.53
50,2_Q,2s,88.0,1.91,10.1
51,5_J,2osame,87.93,0.47,11.61
52,5_J,2osame,87.93,0.47,11.61
53,4_T,2osame,87.93,0.47,11.61
54,4_T,2osame,87.93,0.47,11.61
55,5_T,2osame,87.92,0.47,11.61
56,5_T,2osame,87.92,0.47,11.61
57,J_Q,2odifferent,87.84,1.57,10.59
58,2_9,1o,87.8,0.45,11.75
59,2_9,1o,87.8,0.41,11.79
60,2_J,2odifferent,87.73,0.39,11.88
61,6_J,1o,87.68,0.35,11.97
62,6_J,1o,87.67,0.34,11.98
63,4_J,1o,87.63,0.41,11.96
64,3_T,1o,87.63,0.43,11.95
65,4_J,1o,87.62,0.4,11.98
66,3_T,1o,87.62,0.4,11.98
67,3_Q,2s,87.6,1.9,10.5
68,2_8,1o,87.57,0.4,12.03
69,3_8,1o,87.57,0.4,12.03
70,3_8,1o,87.57,0.43,12.01
71,2_8,1o,87.57,0.45,11.99
72,T_Q,2odifferent,87.41,1.55,11.03
73,2_7,2odifferent,87.38,0.37,12.25
74,4_9,1o,87.37,0.39,12.24
75,3_9,1o,87.37,0.39,12.24
76,4_9,1o,87.37,0.41,12.22
77,3_9,1o,87.37,0.42,12.21
78,3_J,2odifferent,87.31,0.36,12.33
79,2_T,2odifferent,87.31,0.38,12.31
80,7_Q,2s,87.26,1.83,10.91
81,4_Q,2s,87.21,1.88,10.91
82,4_T,1o,87.2,0.4,12.4
83,5_T,1o,87.2,0.39,12.41
84,5_J,1o,87.2,0.39,12.41
85,4_T,1o,87.19,0.39,12.42
86,5_T,1o,87.19,0.39,12.43
87,5_J,1o,87.19,0.39,12.43
88,7_J,2osame,87.12,0.44,12.44
89,7_J,2osame,87.12,0.44,12.44
90,3_7,2osame,87.11,0.48,12.42
91,2_6,2osame,87.11,0.48,12.41
92,2_6,2osame,87.11,0.48,12.41
93,3_7,2osame,87.11,0.48,12.42
94,2_9,2odifferent,87.05,0.37,12.57
95,6_J,2odifferent,86.94,0.27,12.8
96,4_J,2odifferent,86.88,0.33,12.78
97,3_T,2odifferent,86.88,0.35,12.77
98,6_Q,2s,86.86,1.82,11.31
99,3_8,2odifferent,86.83,0.35,12.83
100,2_8,2odifferent,86.83,0.36,12.81
101,5_Q,2s,86.81,1.87,11.31
102,8_J,2osame,86.71,0.45,12.85
103,8_J,2osame,86.71,0.45,12.85
104,6_T,2osame,86.64,0.41,12.94
105,6_T,2osame,86.64,0.41,12.94
106,4_9,2odifferent,86.63,0.33,13.04
107,3_9,2odifferent,86.63,0.34,13.03
108,9_J,2osame,86.57,0.45,12.98
109,9_J,2osame,86.57,0.45,12.98
110,4_8,2osame,86.53,0.47,13.0
111,4_8,2osame,86.53,0.47,13.0
112,5_J,2odifferent,86.46,0.31,13.23
113,5_T,2odifferent,86.46,0.31,13.23
114,4_T,2odifferent,86.46,0.32,13.22
115,7_J,1o,86.4,0.36,13.24
116,2_6,1o,86.39,0.4,13.21
117,7_J,1o,86.39,0.36,13.25
118,3_7,1o,86.38,0.4,13.22
119,3_7,1o,86.38,0.42,13.2
120,2_6,1o,86.38,0.44,13.18
121,5_9,2osame,86.33,0.46,13.21
122,5_9,2osame,86.33,0.46,13.21
123,T_J,2osame,86.28,0.46,13.26
124,T_J,2osame,86.28,0.46,13.26
125,2_3,2osame,86.16,0.55,13.29
126,2_3,2osame,86.16,0.55,13.29
127,8_J,1o,86.0,0.37,13.63
128,8_J,1o,85.99,0.37,13.64
129,8_Q,2s,85.98,1.75,12.27
130,6_T,1o,85.94,0.33,13.73
131,6_T,1o,85.93,0.33,13.74
132,9_J,1o,85.86,0.37,13.77
133,9_J,1o,85.85,0.38,13.77
134,4_8,1o,85.82,0.39,13.79
135,4_8,1o,85.82,0.4,13.78
136,2_4,2osame,85.72,0.54,13.74
137,2_4,2osame,85.72,0.54,13.74
138,7_J,2odifferent,85.67,0.28,14.05
139,2_6,2odifferent,85.66,0.36,13.98
140,3_7,2odifferent,85.66,0.34,14.0
141,5_9,1o,85.62,0.39,13.99
142,5_9,1o,85.61,0.38,14.0
143,T_J,1o,85.58,0.38,14.04
144,T_J,1o,85.58,0.38,14.04
145,2_3,1o,85.44,0.52,14.04
146,2_3,1o,85.44,0.5,14.06
147,7_T,2osame,85.35,0.43,14.23
148,7_T,2osame,85.35,0.43,14.23
149,3_6,2osame,85.33,0.47,14.2
150,4_7,2osame,85.33,0.47,14.2
151,4_7,2osame,85.33,0.47,14.2
152,3_6,2osame,85.33,0.47,14.2
153,2_5,2osame,85.28,0.53,14.2
154,8_J,2odifferent,85.28,0.29,14.43
155,2_5,2osame,85.28,0.53,14.2
156,6_T,2odifferent,85.22,0.26,14.53
157,9_J,2odifferent,85.15,0.3,14.56
158,4_8,2odifferent,85.11,0.32,14.57
159,6_9,2osame,85.05,0.41,14.54
160,6_9,2osame,85.05,0.41,14.54
161,2_4,1o,85.01,0.5,14.49
162,2_4,1o,85.01,0.47,14.51
163,8_T,2osame,84.93,0.43,14.63
164,8_T,2osame,84.93,0.43,14.63
165,5_9,2odifferent,84.91,0.31,14.78
166,T_J,2odifferent,84.88,0.3,14.82
167,2_J,1s,84.84,0.49,14.68
168,9_T,2osame,84.79,0.44,14.77
169,9_T,2osame,84.79,0.44,14.77
170,5_8,2osame,84.76,0.46,14.78
171,5_8,2osame,84.76,0.46,14.78
172,2_3,2odifferent,84.73,0.46,14.81
173,9_Q,2s,84.7,1.67,13.62
174,7_T,1o,84.65,0.35,15.0
175,7_T,1o,84.65,0.35,15.01
176,3_6,1o,84.64,0.39,14.97
177,3_6,1o,84.63,0.41,14.96
178,4_7,1o,84.63,0.39,14.98
179,4_7,1o,84.63,0.4,14.97
180,2_5,1o,84.58,0.45,14.97
181,2_5,1o,84.58,0.49,14.94
182,2_7,1s,84.52,0.47,15.01
183,3_J,1s,84.43,0.48,15.09
184,2_T,1s,84.43,0.48,15.09
185,6_9,1o,84.36,0.33,15.31
186,6_9,1o,84.35,0.33,15.32
187,2_4,2odifferent,84.31,0.43,15.26
188,8_T,1o,84.25,0.36,15.39
189,8_T,1o,84.24,0.36,15.4
190,2_9,1s,84.2,0.47,15.33
191,9_T,1o,84.11,0.36,15.53
192,9_T,1o,84.11,0.36,15.53
193,5_8,1o,84.07,0.38,15.55
194,5_8,1o,84.07,0.39,15.54
195,6_J,1s,84.07,0.41,15.51
196,3_T,1s,84.03,0.47,15.51
197,4_J,1s,84.02,0.47,15.51
198,2_8,1s,83.99,0.47,15.55
199,3_8,1s,83.98,0.47,15.55
200,7_T,2odifferent,83.95,0.27,15.78
201,3_4,2osame,83.94,0.53,15.53
202,4_7,2odifferent,83.94,0.32,15.74
203,3_4,2osame,83.94,0.53,15.53
204,3_6,2odifferent,83.94,0.33,15.73
205,2_5,2odifferent,83.88,0.41,15.7
206,7_9,2osame,83.81,0.42,15.77
207,7_9,2osame,83.81,0.42,15.77
208,3_9,1s,83.79,0.46,15.75
209,4_9,1s,83.79,0.46,15.75
210,6_9,2odifferent,83.67,0.25,16.08
211,5_T,1s,83.62,0.45,15.93
212,4_T,1s,83.62,0.45,15.93
213,5_J,1s,83.62,0.45,15.93
214,2_J,2s,83.59,0.4,16.01
215,8_T,2odifferent,83.56,0.28,16.16
216,5_7,2osame,83.55,0.46,15.99
217,5_7,2osame,83.55,0.46,15.99
218,4_6,2osame,83.55,0.46,15.99
219,4_6,2osame,83.55,0.46,15.99
220,3_5,2osame,83.5,0.51,15.99
221,3_5,2osame,83.5,0.51,15.99
222,6_8,2osame,83.48,0.41,16.12
223,6_8,2osame,83.48,0.41,16.12
224,9_T,2odifferent,83.43,0.29,16.29
225,8_9,2osame,83.39,0.43,16.17
226,8_9,2osame,83.39,0.43,16.17
227,5_8,2odifferent,83.38,0.31,16.31
228,J_Q,2s,83.38,1.59,15.03
229,3_4,1o,83.26,0.47,16.27
230,3_4,1o,83.26,0.46,16.28
231,2_7,2s,83.24,0.39,16.38
232,2_T,2s,83.19,0.39,16.41
233,3_J,2s,83.19,0.39,16.41
234,7_9,1o,83.13,0.34,16.53
235,7_9,1o,83.13,0.34,16.52
236,T_Q,2s,82.99,1.57,15.44
237,2_9,2s,82.95,0.39,16.66
238,4_6,1o,82.89,0.38,16.74
239,4_6,1o,82.88,0.39,16.73
240,5_7,1o,82.88,0.38,16.73
241,5_7,1o,82.88,0.38,16.74
242,7_J,1s,82.87,0.42,16.71
243,6_J,2s,82.85,0.33,16.82
244,2_6,1s,82.85,0.46,16.69
245,3_7,1s,82.85,0.46,16.69
246,3_5,1o,82.83,0.44,16.73
247,3_5,1o,82.83,0.46,16.71
248,6_8,1o,82.81,0.33,16.86
249,6_8,1o,82.81,0.33,16.87
250,4_J,2s,82.8,0.38,16.82
251,3_T,2s,82.8,0.38,16.82
252,2_8,2s,82.73,0.38,16.89
253,8_9,1o,82.73,0.35,16.92
254,8_9,1o,82.73,0.35,16.92
255,3_8,2s,82.73,0.38,16.89
256,7_8,2osame,82.6,0.42,16.98
257,7_8,2osame,82.6,0.42,16.98
258,3_4,2odifferent,82.58,0.41,17.01
259,4_9,2s,82.56,0.38,17.07
260,3_9,2s,82.56,0.38,17.07
261,7_9,2odifferent,82.46,0.26,17.28
262,8_J,1s,82.45,0.43,17.12
263,4_T,2s,82.41,0.37,17.22
264,5_T,2s,82.41,0.37,17.22
265,6_T,1s,82.41,0.4,17.19
266,5_J,2s,82.4,0.37,17.22
267,J_J,2osame,82.4,0.52,17.08
268,4_8,1s,82.32,0.46,17.22
269,9_J,1s,82.3,0.44,17.27
270,6_7,2osame,82.27,0.4,17.32
271,6_7,2osame,82.27,0.4,17.32
272,2_2,2osame,82.23,0.56,17.21
273,4_6,2odifferent,82.22,0.31,17.47
274,5_7,2odifferent,82.21,0.3,17.48
275,3_5,2odifferent,82.16,0.38,17.46
276,6_8,2odifferent,82.14,0.25,17.61
277,5_9,1s,82.12,0.45,17.43
278,8_9,2odifferent,82.06,0.27,17.66
279,T_J,1s,82.0,0.44,17.55
280,T_T,2osame,82.0,0.49,17.51
281,2_3,1s,81.94,0.53,17.53
282,7_8,1o,81.94,0.34,17.72
283,7_8,1o,81.94,0.34,17.72
284,3_3,2osame,81.8,0.54,17.67
285,5_6,2osame,81.78,0.45,17.78
286,5_6,2osame,81.78,0.45,17.78
287,J_J,1o,81.75,0.44,17.81
288,4_5,2osame,81.72,0.5,17.77
289,4_5,2osame,81.72,0.5,17.77
290,7_J,2s,81.67,0.34,17.99
291,9_9,2osame,81.63,0.48,17.9
292,6_7,1o,81.62,0.32,18.06
293,3_7,2s,81.62,0.38,18.0
294,6_7,1o,81.62,0.33,18.05
295,2_6,2s,81.62,0.38,18.0
296,2_2,1o,81.58,0.53,17.89
297,2_4,1s,81.54,0.52,17.94
298,4_4,2osame,81.37,0.51,18.13
299,7_7,2osame,81.37,0.45,18.18
300,T_T,1o,81.36,0.41,18.23
301,8_8,2osame,81.31,0.46,18.23
302,8_J,2s,81.29,0.35,18.36
303,7_8,2odifferent,81.28,0.26,18.45
304,6_T,2s,81.24,0.32,18.44
305,7_T,1s,81.2,0.41,18.38
306,3_6,1s,81.18,0.45,18.36
307,4_7,1s,81.18,0.45,18.36
308,9_J,2s,81.17,0.35,18.47
309,3_3,1o,81.16,0.48,18.36
310,5_6,1o,81.14,0.37,18.5
311,5_6,1o,81.14,0.37,18.49
312,2_5,1s,81.13,0.51,18.36
313,4_8,2s,81.12,0.37,18.51
314,J_J,2odifferent,81.1,0.36,18.54
315,4_5,1o,81.08,0.44,18.48
316,4_5,1o,81.08,0.43,18.49
317,9_9,1o,80.99,0.4,18.61
318,6_6,2osame,80.97,0.42,18.6
319,6_7,2odifferent,80.97,0.25,18.78
320,5_9,2s,80.94,0.37,18.69
321,2_2,2odifferent,80.94,0.49,18.57
322,5_5,2osame,80.94,0.48,18.59
323,T_J,2s,80.93,0.36,18.7
324,6_9,1s,80.91,0.4,18.69
325,8_T,1s,80.79,0.42,18.79
326,2_3,2s,80.75,0.46,18.79
327,7_7,1o,80.74,0.37,18.89
328,4_4,1o,80.74,0.44,18.82
329,T_T,2odifferent,80.72,0.33,18.95
330,8_8,1o,80.68,0.38,18.94
331,5_8,1s,80.65,0.45,18.9
332,9_T,1s,80.63,0.43,18.94
333,3_3,2odifferent,80.53,0.42,19.05
334,5_6,2odifferent,80.49,0.29,19.21
335,4_5,2odifferent,80.44,0.36,19.2
336,6_6,1o,80.36,0.34,19.3
337,9_9,2odifferent,80.36,0.32,19.33
338,2_4,2s,80.35,0.44,19.2
339,5_5,1o,80.32,0.4,19.28
340,7_7,2odifferent,80.11,0.29,19.6
341,4_4,2odifferent,80.11,0.37,19.52
342,7_T,2s,80.05,0.33,19.61
343,8_8,2odifferent,80.05,0.3,19.65
344,3_6,2s,80.01,0.37,19.62
345,4_7,2s,80.01,0.37,19.62
346,2_5,2s,79.96,0.43,19.62
347,3_4,1s,79.87,0.51,19.62
348,6_9,2s,79.77,0.32,19.91
349,7_9,1s,79.76,0.41,19.83
350,6_6,2odifferent,79.74,0.27,20.0
351,5_5,2odifferent,79.7,0.33,19.97
352,8_T,2s,79.68,0.34,19.98
353,9_T,2s,79.56,0.35,20.09
354,4_6,1s,79.52,0.45,20.04
355,5_7,1s,79.52,0.45,20.04
356,5_8,2s,79.5,0.36,20.13
357,3_5,1s,79.47,0.5,20.04
358,6_8,1s,79.44,0.4,20.16
359,8_9,1s,79.35,0.42,20.24
360,3_4,2s,78.74,0.43,20.83
361,7_9,2s,78.64,0.33,21.03
362,7_8,1s,78.62,0.41,20.97
363,4_6,2s,78.4,0.36,21.24
364,5_7,2s,78.39,0.36,21.25
365,3_5,2s,78.34,0.42,21.24
366,6_8,2s,78.33,0.31,21.35
367,6_7,1s,78.31,0.39,21.3
368,8_9,2s,78.27,0.33,21.4
369,5_6,1s,77.85,0.44,21.71
370,4_5,1s,77.8,0.49,21.71
371,7_8,2s,77.53,0.32,22.15
372,6_7,2s,77.22,0.31,22.47
373,5_6,2s,76.78,0.35,22.87
374,4_5,2s,76.73,0.41,22.86
375,2_K,1o,73.13,0.45,26.41
376,2_K,2osame,72.93,0.53,26.54
377,2_K,2osame,72.93,0.53,26.54
378,3_K,1o,72.74,0.44,26.82
379,2_K,2odifferent,72.61,0.41,26.98
380,3_K,2osame,72.54,0.52,26.95
381,3_K,2osame,72.54,0.52,26.95
382,7_K,1o,72.41,0.37,27.23
383,2_K,1o,72.4,0.49,27.1
384,8_K,1o,72.38,0.38,27.24
385,4_K,1o,72.35,0.42,27.22
386,3_K,2odifferent,72.22,0.38,27.39
387,7_K,2osame,72.2,0.44,27.36
388,7_K,2osame,72.2,0.44,27.36
389,8_K,2osame,72.16,0.46,27.38
390,8_K,2osame,72.16,0.46,27.38
391,4_K,2osame,72.14,0.5,27.36
392,4_K,2osame,72.14,0.5,27.36
393,9_A,1o,72.07,0.38,27.55
394,6_K,1o,72.02,0.35,27.63
395,3_K,1o,72.02,0.46,27.52
396,5_K,1o,71.96,0.41,27.63
397,9_K,1o,71.96,0.39,27.65
398,7_K,2odifferent,71.9,0.29,27.82
399,7_A,1o,71.9,0.36,27.74
400,6_A,1o,71.9,0.36,27.74
401,9_A,2osame,71.86,0.46,27.69
402,8_K,2odifferent,71.86,0.3,27.84
403,9_A,2osame,71.86,0.46,27.69
404,4_K,2odifferent,71.84,0.36,27.8
405,J_A,1o,71.82,0.4,27.78
406,6_K,2osame,71.8,0.43,27.77
407,6_K,2osame,71.8,0.43,27.77
408,5_K,2osame,71.74,0.49,27.77
409,5_K,2osame,71.74,0.49,27.77
410,8_A,1o,71.73,0.36,27.91
411,9_K,2osame,71.73,0.47,27.8
412,9_K,2osame,71.73,0.47,27.8
413,J_K,1o,71.7,0.41,27.89
414,7_A,2osame,71.68,0.44,27.88
415,6_A,2osame,71.68,0.44,27.88
416,7_A,2osame,71.68,0.44,27.88
417,7_K,1o,71.68,0.37,27.95
418,6_A,2osame,71.68,0.44,27.88
419,8_K,1o,71.65,0.38,27.97
420,4_K,1o,71.63,0.44,27.94
421,J_A,2osame,71.59,0.48,27.93
422,J_A,2osame,71.59,0.48,27.93
423,9_A,2odifferent,71.56,0.3,28.14
424,2_A,1o,71.53,0.44,28.02
425,6_K,2odifferent,71.52,0.27,28.21
426,8_A,2osame,71.51,0.44,28.05
427,8_A,2osame,71.51,0.44,28.05
428,J_K,2osame,71.46,0.49,28.04
429,J_K,2osame,71.46,0.49,28.04
430,5_K,2odifferent,71.46,0.33,28.21
431,9_K,2odifferent,71.45,0.31,28.24
432,T_A,1o,71.43,0.39,28.19
433,7_A,2odifferent,71.4,0.28,28.33
434,6_A,2odifferent,71.4,0.28,28.32
435,9_A,1o,71.34,0.38,28.28
436,2_A,2osame,71.31,0.53,28.17
437,J_A,2odifferent,71.31,0.32,28.37
438,2_A,2osame,71.31,0.53,28.17
439,T_K,1o,71.31,0.4,28.29
440,6_K,1o,71.3,0.35,28.35
441,5_K,1o,71.24,0.41,28.35
442,9_K,1o,71.23,0.39,28.38
443,8_A,2odifferent,71.23,0.28,28.49
444,J_K,2odifferent,71.21,0.33,28.46
445,T_A,2osame,71.19,0.46,28.34
446,T_A,2osame,71.19,0.46,28.34
447,6_A,1o,71.18,0.36,28.46
448,7_A,1o,71.18,0.36,28.47
449,3_A,1o,71.14,0.43,28.43
450,J_A,1o,71.08,0.4,28.52
451,T_K,2osame,71.07,0.48,28.45
452,T_K,2osame,71.07,0.48,28.45
453,2_A,2odifferent,71.03,0.41,28.57
454,8_A,1o,71.01,0.36,28.63
455,J_K,1o,70.97,0.41,28.62
456,T_A,2odifferent,70.93,0.31,28.76
457,3_A,2osame,70.91,0.51,28.58
458,3_A,2osame,70.91,0.51,28.58
459,T_K,2odifferent,70.82,0.32,28.86
460,2_A,1o,70.8,0.49,28.71
461,4_A,1o,70.75,0.42,28.83
462,T_A,1o,70.7,0.39,28.92
463,3_A,2odifferent,70.64,0.38,28.98
464,T_K,1o,70.58,0.4,29.02
465,4_A,2osame,70.52,0.5,28.99
466,4_A,2osame,70.52,0.5,28.99
467,3_A,1o,70.41,0.46,29.13
468,5_A,1o,70.36,0.4,29.24
469,4_A,2odifferent,70.26,0.35,29.39
470,5_A,2osame,70.12,0.48,29.4
471,5_A,2osame,70.12,0.48,29.4
472,4_A,1o,70.03,0.43,29.54
473,5_A,2odifferent,69.88,0.33,29.79
474,5_A,1o,69.64,0.41,29.95
475,2_K,1s,69.35,0.51,30.14
476,Q_A,2odifferent,69.21,1.24,29.56
477,3_K,1s,68.99,0.49,30.51
478,Q_A,1o,68.97,1.33,29.7
479,2_K,2s,68.79,0.42,30.79
480,7_K,1s,68.68,0.43,30.89
481,8_K,1s,68.65,0.44,30.91
482,4_K,1s,68.63,0.48,30.89
483,3_K,2s,68.43,0.41,31.16
484,9_A,1s,68.35,0.44,31.21
485,6_K,1s,68.32,0.42,31.26
486,5_K,1s,68.27,0.47,31.26
487,9_K,1s,68.22,0.45,31.33
488,6_A,1s,68.21,0.42,31.37
489,7_A,1s,68.21,0.42,31.37
490,7_K,2s,68.13,0.35,31.52
491,Q_K,2odifferent,68.11,1.14,30.76
492,8_K,2s,68.1,0.36,31.54
493,4_K,2s,68.08,0.4,31.52
494,J_A,1s,68.06,0.46,31.48
495,8_A,1s,68.04,0.43,31.53
496,J_K,1s,67.93,0.46,31.61
497,Q_K,1o,67.85,1.23,30.92
498,2_A,1s,67.84,0.5,31.66
499,9_A,2s,67.81,0.36,31.83
500,6_K,2s,67.78,0.34,31.89
501,5_K,2s,67.73,0.39,31.88
502,9_K,2s,67.71,0.37,31.92
503,T_A,1s,67.7,0.44,31.85
504,6_A,2s,67.65,0.34,32.01
505,7_A,2s,67.65,0.34,32.01
506,J_A,2s,67.57,0.37,32.05
507,T_K,1s,67.57,0.45,31.98
508,8_A,2s,67.5,0.35,32.16
509,3_A,1s,67.48,0.49,32.03
510,J_K,2s,67.48,0.38,32.14
511,2_A,2s,67.3,0.41,32.29
512,T_A,2s,67.22,0.36,32.42
513,4_A,1s,67.12,0.48,32.4
514,T_K,2s,67.12,0.37,32.5
515,3_A,2s,66.94,0.4,32.65
516,5_A,1s,66.76,0.47,32.78
517,4_A,2s,66.59,0.39,33.02
518,5_A,2s,66.24,0.38,33.38
519,Q_A,2s,65.1,1.24,33.65
520,Q_K,2s,64.08,1.17,34.76
521,K_A,2odifferent,56.99,0.34,42.66
522,K_A,1o,56.55,0.42,43.03
523,K_A,1o,56.55,0.42,43.03
524,K_A,2osame,56.1,0.5,43.4
525,K_A,2osame,56.1,0.5,43.4
526,K_A,1s,53.88,0.47,45.65
527,K_A,2s,53.59,0.39,46.02
528,A_A,2odifferent,18.96,0.35,80.69
529,K_K,2odifferent,18.56,0.38,81.05
530,A_A,1o,18.24,0.43,81.33
531,K_K,1o,17.83,0.46,81.7
532,A_A,2osame,17.51,0.52,81.97
533,K_K,2osame,17.1,0.55,82.35
534,Q_Q,2odifferent,2.17,95.65,2.17
