,vs_Hand,type,Equity_%,Draws_%,Loses_%
0,2_T,2osame,76.69,2.71,20.6
1,3_T,2osame,76.16,2.7,21.15
2,2_T,1o,76.05,2.6,21.34
3,4_T,2osame,75.64,2.68,21.68
4,3_T,1o,75.53,2.59,21.88
5,5_T,2osame,75.52,2.68,21.8
6,2_T,2odifferent,75.37,2.54,22.09
7,4_T,1o,75.02,2.57,22.41
8,5_T,1o,74.9,2.57,22.53
9,3_T,2odifferent,74.85,2.51,22.64
10,4_T,2odifferent,74.35,2.48,23.17
11,5_T,2odifferent,74.23,2.47,23.3
12,6_T,2osame,73.86,2.53,23.61
13,T_K,2osame,73.4,2.11,24.5
14,6_T,1o,73.27,2.42,24.31
15,T_K,2odifferent,72.87,1.91,25.23
16,T_K,1o,72.8,2.01,25.2
17,7_T,2osame,72.63,2.41,24.96
18,6_T,2odifferent,72.62,2.32,25.06
19,7_T,1o,72.05,2.3,25.64
20,T_Q,2osame,71.82,1.99,26.19
21,9_T,2osame,71.65,2.32,26.03
22,7_T,2odifferent,71.42,2.2,26.38
23,8_T,2osame,71.35,2.31,26.34
24,T_Q,2odifferent,71.33,1.79,26.87
25,T_Q,1o,71.24,1.89,26.87
26,9_T,1o,71.09,2.21,26.7
27,2_T,2s,70.96,2.42,26.61
28,8_T,1o,70.79,2.2,27.01
29,3_T,2s,70.48,2.41,27.11
30,9_T,2odifferent,70.46,2.11,27.43
31,T_J,2osame,70.24,1.88,27.88
32,8_T,2odifferent,70.17,2.1,27.73
33,4_T,2s,70.0,2.4,27.6
34,5_T,2s,69.88,2.4,27.72
35,T_J,2odifferent,69.8,1.68,28.52
36,T_J,1o,69.69,1.78,28.54
37,2_9,2osame,68.77,0.53,30.7
38,2_9,2osame,68.76,0.53,30.71
39,T_K,2s,68.62,1.88,29.49
40,2_7,2osame,68.57,0.53,30.9
41,2_7,2osame,68.56,0.53,30.91
42,2_8,2osame,68.44,0.52,31.05
43,2_8,2osame,68.43,0.52,31.05
44,3_8,2osame,68.38,0.52,31.1
45,3_9,2osame,68.37,0.51,31.12
46,3_8,2osame,68.37,0.52,31.11
47,3_9,2osame,68.36,0.52,31.13
48,6_T,2s,68.36,2.27,29.37
49,4_9,2osame,68.32,0.51,31.16
50,4_9,2osame,68.31,0.52,31.17
51,2_9,1o,68.22,0.45,31.33
52,2_9,1o,68.22,0.49,31.29
53,2_7,1o,68.02,0.49,31.49
54,2_7,1o,68.02,0.45,31.53
55,2_8,1o,67.89,0.44,31.67
56,2_8,1o,67.89,0.48,31.63
57,3_8,1o,67.84,0.44,31.73
58,3_8,1o,67.84,0.46,31.7
59,3_9,1o,67.82,0.44,31.75
60,3_9,1o,67.82,0.46,31.72
61,4_9,1o,67.78,0.45,31.77
62,4_9,1o,67.77,0.44,31.79
63,2_9,2odifferent,67.67,0.42,31.92
64,2_7,2odifferent,67.48,0.41,32.11
65,2_8,2odifferent,67.35,0.4,32.25
66,3_8,2odifferent,67.29,0.38,32.32
67,3_9,2odifferent,67.28,0.38,32.34
68,7_T,2s,67.24,2.18,30.58
69,4_9,2odifferent,67.23,0.37,32.4
70,T_Q,2s,67.2,1.8,31.01
71,3_7,2osame,67.14,0.52,32.34
72,3_7,2osame,67.14,0.52,32.35
73,2_6,2osame,67.05,0.54,32.41
74,2_6,2osame,67.05,0.54,32.41
75,9_A,1o,66.99,10.67,22.34
76,4_8,2osame,66.96,0.51,32.54
77,4_8,2osame,66.96,0.5,32.53
78,5_9,2osame,66.91,0.51,32.57
79,5_9,2osame,66.91,0.51,32.58
80,9_A,2osame,66.9,10.82,22.28
81,8_A,1o,66.65,10.7,22.65
82,3_7,1o,66.62,0.44,32.95
83,3_7,1o,66.62,0.46,32.92
84,8_A,2osame,66.56,10.85,22.59
85,2_6,1o,66.53,0.46,33.01
86,6_A,1o,66.53,10.33,23.14
87,2_6,1o,66.52,0.5,32.97
88,2_3,2osame,66.49,0.59,32.91
89,2_3,2osame,66.49,0.59,32.91
90,4_8,1o,66.44,0.43,33.14
91,4_8,1o,66.44,0.44,33.12
92,6_A,2osame,66.43,10.48,23.09
93,9_A,2odifferent,66.41,10.51,23.08
94,7_A,1o,66.39,10.7,22.91
95,5_9,1o,66.39,0.44,33.17
96,5_9,1o,66.38,0.43,33.18
97,9_T,2s,66.33,2.11,31.57
98,7_A,2osame,66.29,10.85,22.85
99,9_A,1o,66.27,10.66,23.07
100,2_K,2osame,66.24,0.57,33.19
101,2_Q,2osame,66.16,0.56,33.28
102,3_7,2odifferent,66.09,0.38,33.52
103,2_4,2osame,66.09,0.58,33.33
104,2_4,2osame,66.09,0.58,33.33
105,2_J,2osame,66.09,0.55,33.37
106,8_A,2odifferent,66.08,10.54,23.38
107,8_T,2s,66.07,2.1,31.84
108,2_5,2osame,66.05,0.58,33.38
109,2_5,2osame,66.05,0.58,33.38
110,2_6,2odifferent,66.0,0.43,33.57
111,2_3,1o,65.98,0.54,33.48
112,2_3,1o,65.98,0.56,33.47
113,2_A,1o,65.97,11.01,23.02
114,6_A,2odifferent,65.96,10.18,23.86
115,8_A,1o,65.93,10.7,23.37
116,4_8,2odifferent,65.92,0.36,33.72
117,8_K,2osame,65.91,0.49,33.6
118,2_A,2osame,65.87,11.16,22.97
119,5_9,2odifferent,65.86,0.36,33.78
120,3_K,2osame,65.84,0.55,33.61
121,7_A,2odifferent,65.82,10.55,23.63
122,6_A,1o,65.81,10.33,23.86
123,T_J,2s,65.77,1.71,32.52
124,3_Q,2osame,65.76,0.54,33.7
125,2_K,1o,65.75,0.49,33.77
126,4_7,2osame,65.72,0.5,33.77
127,4_7,2osame,65.72,0.51,33.78
128,3_J,2osame,65.68,0.53,33.79
129,2_Q,1o,65.67,0.48,33.85
130,7_A,1o,65.67,10.7,23.62
131,3_6,2osame,65.63,0.53,33.85
132,3_6,2osame,65.62,0.53,33.85
133,2_J,1o,65.6,0.47,33.94
134,2_4,1o,65.58,0.51,33.9
135,2_4,1o,65.58,0.54,33.88
136,7_Q,2osame,65.57,0.48,33.95
137,2_K,2osame,65.56,0.57,33.87
138,5_8,2osame,65.56,0.5,33.94
139,5_8,2osame,65.55,0.5,33.95
140,2_5,1o,65.54,0.54,33.92
141,2_5,1o,65.54,0.5,33.96
142,3_A,1o,65.53,10.91,23.56
143,2_Q,2osame,65.48,0.56,33.96
144,2_3,2odifferent,65.47,0.5,34.03
145,6_9,2osame,65.46,0.47,34.07
146,6_9,2osame,65.46,0.47,34.06
147,4_K,2osame,65.45,0.54,34.02
148,3_A,2osame,65.42,11.06,23.51
149,2_J,2osame,65.41,0.54,34.05
150,5_K,2osame,65.41,0.54,34.06
151,8_K,1o,65.41,0.41,34.17
152,2_A,2odifferent,65.4,10.9,23.7
153,4_Q,2osame,65.37,0.53,34.11
154,3_K,1o,65.35,0.47,34.18
155,5_Q,2osame,65.33,0.53,34.15
156,7_K,2osame,65.3,0.48,34.23
157,4_J,2osame,65.29,0.52,34.2
158,3_Q,1o,65.28,0.46,34.26
159,2_K,2odifferent,65.25,0.45,34.3
160,5_J,2osame,65.25,0.52,34.23
161,2_A,1o,65.25,11.05,23.7
162,8_K,2osame,65.22,0.49,34.29
163,4_7,1o,65.22,0.44,34.34
164,4_7,1o,65.22,0.43,34.36
165,3_J,1o,65.2,0.45,34.35
166,2_Q,2odifferent,65.18,0.44,34.38
167,3_K,2osame,65.16,0.55,34.29
168,6_J,2osame,65.14,0.48,34.38
169,3_6,1o,65.12,0.45,34.43
170,3_6,1o,65.12,0.47,34.41
171,2_J,2odifferent,65.1,0.43,34.46
172,4_A,1o,65.09,10.82,24.09
173,7_Q,1o,65.09,0.4,34.51
174,3_Q,2osame,65.08,0.54,34.38
175,2_4,2odifferent,65.08,0.47,34.45
176,2_K,1o,65.07,0.53,34.4
177,5_8,1o,65.05,0.42,34.53
178,5_8,1o,65.05,0.43,34.52
179,5_A,1o,65.04,10.75,24.21
180,2_5,2odifferent,65.03,0.47,34.5
181,6_K,2osame,65.0,0.49,34.51
182,3_J,2osame,65.0,0.53,34.47
183,2_Q,1o,64.99,0.52,34.49
184,9_K,2osame,64.99,0.51,34.5
185,4_A,2osame,64.98,10.97,24.05
186,3_A,2odifferent,64.97,10.78,24.24
187,6_9,1o,64.97,0.4,34.64
188,6_9,1o,64.96,0.39,34.65
189,4_K,1o,64.96,0.46,34.58
190,2_9,1s,64.95,0.52,34.53
191,5_A,2osame,64.93,10.9,24.17
192,8_K,2odifferent,64.92,0.33,34.75
193,6_Q,2osame,64.92,0.48,34.6
194,5_K,1o,64.92,0.46,34.62
195,2_J,1o,64.91,0.51,34.58
196,7_Q,2osame,64.89,0.48,34.63
197,4_Q,1o,64.88,0.45,34.67
198,3_K,2odifferent,64.86,0.42,34.72
199,5_Q,1o,64.85,0.45,34.71
200,3_A,1o,64.81,10.94,24.25
201,4_J,1o,64.81,0.44,34.75
202,7_K,1o,64.81,0.4,34.79
203,3_Q,2odifferent,64.79,0.41,34.8
204,2_7,1s,64.78,0.52,34.71
205,5_J,1o,64.77,0.44,34.79
206,4_K,2osame,64.77,0.54,34.7
207,8_K,1o,64.73,0.41,34.85
208,5_K,2osame,64.73,0.53,34.74
209,3_J,2odifferent,64.71,0.4,34.89
210,4_7,2odifferent,64.71,0.36,34.93
211,4_Q,2osame,64.69,0.53,34.79
212,3_4,2osame,64.67,0.57,34.77
213,3_4,2osame,64.67,0.57,34.77
214,3_K,1o,64.67,0.5,34.83
215,6_J,1o,64.66,0.4,34.93
216,5_Q,2osame,64.65,0.52,34.83
217,2_8,1s,64.65,0.51,34.85
218,8_Q,2osame,64.65,0.49,34.87
219,3_6,2odifferent,64.62,0.4,34.99
220,3_5,2osame,64.62,0.56,34.82
221,3_5,2osame,64.62,0.56,34.81
222,7_K,2osame,64.61,0.48,34.91
223,4_J,2osame,64.61,0.52,34.88
224,3_Q,1o,64.6,0.49,34.92
225,3_8,1s,64.6,0.51,34.9
226,7_Q,2odifferent,64.6,0.32,35.08
227,3_9,1s,64.58,0.51,34.92
228,5_J,2osame,64.57,0.51,34.92
229,4_A,2odifferent,64.54,10.68,24.78
230,5_8,2odifferent,64.54,0.35,35.1
231,4_9,1s,64.53,0.5,34.96
232,3_J,1o,64.52,0.48,35.01
233,6_K,1o,64.52,0.41,35.07
234,9_K,1o,64.51,0.43,35.06
235,5_A,2odifferent,64.49,10.6,24.9
236,4_K,2odifferent,64.48,0.39,35.13
237,6_9,2odifferent,64.46,0.32,35.22
238,6_J,2osame,64.46,0.48,35.06
239,6_Q,1o,64.45,0.4,35.15
240,7_9,2osame,64.44,0.46,35.1
241,5_K,2odifferent,64.44,0.38,35.18
242,7_9,2osame,64.44,0.46,35.1
243,4_Q,2odifferent,64.41,0.38,35.21
244,7_Q,1o,64.41,0.4,35.19
245,4_A,1o,64.38,10.83,24.79
246,5_7,2osame,64.37,0.5,35.12
247,5_7,2osame,64.37,0.51,35.13
248,5_Q,2odifferent,64.37,0.37,35.26
249,7_K,2odifferent,64.33,0.32,35.35
250,4_J,2odifferent,64.33,0.37,35.3
251,5_A,1o,64.32,10.75,24.92
252,6_K,2osame,64.32,0.49,35.19
253,7_J,2osame,64.31,0.47,35.21
254,9_K,2osame,64.3,0.51,35.2
255,5_J,2odifferent,64.29,0.36,35.34
256,4_K,1o,64.28,0.47,35.25
257,5_K,1o,64.25,0.46,35.29
258,6_Q,2osame,64.24,0.48,35.28
259,4_6,2osame,64.21,0.52,35.28
260,4_Q,1o,64.21,0.46,35.33
261,4_6,2osame,64.2,0.52,35.28
262,6_J,2odifferent,64.19,0.33,35.49
263,3_4,1o,64.18,0.51,35.31
264,3_4,1o,64.18,0.5,35.32
265,8_Q,1o,64.18,0.41,35.42
266,5_Q,1o,64.17,0.45,35.38
267,4_J,1o,64.13,0.45,35.42
268,3_5,1o,64.13,0.49,35.37
269,7_K,1o,64.13,0.4,35.47
270,3_5,1o,64.13,0.51,35.36
271,6_8,2osame,64.11,0.46,35.43
272,6_8,2osame,64.1,0.46,35.44
273,5_J,1o,64.09,0.44,35.47
274,6_K,2odifferent,64.05,0.34,35.62
275,9_K,2odifferent,64.03,0.35,35.62
276,6_J,1o,63.98,0.4,35.61
277,6_Q,2odifferent,63.97,0.33,35.7
278,8_Q,2osame,63.96,0.49,35.56
279,7_9,1o,63.96,0.38,35.65
280,7_9,1o,63.96,0.38,35.66
281,5_7,1o,63.89,0.43,35.68
282,5_7,1o,63.88,0.43,35.69
283,6_K,1o,63.85,0.41,35.74
284,7_J,1o,63.85,0.39,35.76
285,9_K,1o,63.83,0.43,35.75
286,6_Q,1o,63.77,0.4,35.83
287,9_Q,2osame,63.73,0.5,35.77
288,4_6,1o,63.72,0.44,35.84
289,4_6,1o,63.72,0.45,35.83
290,8_Q,2odifferent,63.7,0.33,35.97
291,3_4,2odifferent,63.69,0.44,35.86
292,3_5,2odifferent,63.65,0.44,35.91
293,6_8,1o,63.63,0.38,35.99
294,6_8,1o,63.63,0.39,35.98
295,7_J,2osame,63.62,0.47,35.91
296,9_A,1s,63.53,10.24,26.23
297,8_Q,1o,63.49,0.41,36.1
298,7_9,2odifferent,63.47,0.31,36.22
299,2_9,2s,63.46,0.43,36.1
300,3_7,1s,63.45,0.51,36.05
301,5_7,2odifferent,63.4,0.35,36.25
302,8_J,2osame,63.39,0.48,36.13
303,7_J,2odifferent,63.38,0.32,36.3
304,2_6,1s,63.36,0.53,36.11
305,8_9,2osame,63.32,0.47,36.21
306,8_9,2osame,63.32,0.47,36.21
307,2_7,2s,63.28,0.43,36.29
308,9_Q,1o,63.27,0.42,36.31
309,4_8,1s,63.27,0.5,36.23
310,4_6,2odifferent,63.24,0.37,36.39
311,8_A,1s,63.23,10.27,26.5
312,5_9,1s,63.23,0.5,36.26
313,4_5,2osame,63.2,0.55,36.25
314,4_5,2osame,63.2,0.55,36.24
315,2_8,2s,63.17,0.42,36.41
316,7_J,1o,63.16,0.39,36.44
317,5_6,2osame,63.16,0.52,36.32
318,5_6,2osame,63.16,0.52,36.32
319,6_8,2odifferent,63.14,0.31,36.55
320,6_A,1s,63.13,9.94,26.93
321,3_8,2s,63.12,0.42,36.46
322,3_9,2s,63.1,0.42,36.48
323,7_8,2osame,63.08,0.45,36.47
324,7_8,2osame,63.08,0.45,36.46
325,4_9,2s,63.06,0.42,36.52
326,9_Q,2osame,63.03,0.5,36.47
327,7_A,1s,62.99,10.28,26.73
328,8_J,1o,62.94,0.4,36.66
329,6_7,2osame,62.92,0.46,36.62
330,6_7,2osame,62.92,0.47,36.61
331,8_9,1o,62.86,0.39,36.75
332,8_9,1o,62.86,0.39,36.75
333,2_3,1s,62.85,0.57,36.57
334,9_Q,2odifferent,62.81,0.34,36.85
335,4_5,1o,62.73,0.49,36.78
336,4_5,1o,62.73,0.48,36.79
337,8_J,2osame,62.69,0.48,36.83
338,5_6,1o,62.69,0.44,36.87
339,5_6,1o,62.69,0.44,36.87
340,7_8,1o,62.63,0.38,37.0
341,7_8,1o,62.62,0.37,37.0
342,2_A,1s,62.6,10.61,26.79
343,9_Q,1o,62.58,0.42,37.0
344,2_4,1s,62.48,0.56,36.96
345,8_J,2odifferent,62.48,0.32,37.2
346,9_J,2osame,62.47,0.49,37.04
347,6_7,1o,62.46,0.39,37.15
348,6_7,1o,62.46,0.39,37.15
349,9_A,2s,62.45,10.05,27.51
350,2_5,1s,62.44,0.56,37.0
351,8_9,2odifferent,62.39,0.31,37.3
352,4_5,2odifferent,62.27,0.41,37.32
353,8_J,1o,62.25,0.4,37.35
354,5_6,2odifferent,62.22,0.37,37.41
355,3_A,1s,62.19,10.51,27.3
356,7_8,2odifferent,62.15,0.3,37.55
357,8_A,2s,62.14,10.08,27.77
358,4_7,1s,62.12,0.5,37.38
359,9_J,1o,62.04,0.41,37.55
360,3_6,1s,62.03,0.52,37.46
361,6_A,2s,62.01,9.75,28.24
362,2_K,1s,62.0,0.55,37.46
363,3_7,2s,62.0,0.42,37.58
364,6_7,2odifferent,62.0,0.31,37.7
365,5_8,1s,61.97,0.5,37.53
366,2_Q,1s,61.92,0.54,37.54
367,7_A,2s,61.89,10.09,28.02
368,2_6,2s,61.89,0.44,37.66
369,2_J,1s,61.85,0.53,37.62
370,4_8,2s,61.84,0.41,37.75
371,6_9,1s,61.83,0.46,37.71
372,5_9,2s,61.79,0.42,37.79
373,4_A,1s,61.78,10.42,27.8
374,9_J,2osame,61.77,0.49,37.74
375,5_A,1s,61.73,10.35,27.92
376,8_K,1s,61.66,0.48,37.86
377,3_K,1s,61.63,0.53,37.84
378,9_J,2odifferent,61.59,0.33,38.08
379,3_Q,1s,61.55,0.53,37.92
380,2_A,2s,61.49,10.41,28.11
381,3_J,1s,61.48,0.52,38.01
382,2_3,2s,61.41,0.51,38.08
383,7_Q,1s,61.36,0.47,38.17
384,9_J,1o,61.34,0.41,38.25
385,4_K,1s,61.26,0.52,38.21
386,5_K,1s,61.23,0.52,38.25
387,4_Q,1s,61.19,0.51,38.3
388,5_Q,1s,61.15,0.51,38.34
389,3_4,1s,61.15,0.55,38.3
390,4_J,1s,61.11,0.51,38.38
391,2_K,2s,61.11,0.46,38.43
392,7_K,1s,61.1,0.47,38.43
393,3_5,1s,61.1,0.55,38.34
394,3_A,2s,61.08,10.31,28.6
395,5_J,1s,61.08,0.5,38.42
396,2_4,2s,61.05,0.49,38.47
397,2_Q,2s,61.05,0.45,38.49
398,2_5,2s,61.0,0.48,38.52
399,2_J,2s,61.0,0.45,38.56
400,6_J,1s,60.97,0.47,38.56
401,5_7,1s,60.87,0.5,38.63
402,6_K,1s,60.83,0.48,38.68
403,7_9,1s,60.83,0.45,38.72
404,8_K,2s,60.81,0.4,38.79
405,9_K,1s,60.76,0.49,38.75
406,6_Q,1s,60.76,0.47,38.77
407,3_K,2s,60.74,0.45,38.81
408,4_7,2s,60.72,0.41,38.87
409,4_6,1s,60.7,0.51,38.79
410,3_Q,2s,60.69,0.44,38.87
411,4_A,2s,60.68,10.23,29.09
412,3_J,2s,60.64,0.43,38.93
413,5_A,2s,60.63,10.16,29.21
414,3_6,2s,60.61,0.43,38.96
415,5_8,2s,60.57,0.41,39.01
416,6_8,1s,60.56,0.46,38.98
417,7_Q,2s,60.52,0.39,39.09
418,6_9,2s,60.47,0.38,39.15
419,8_Q,1s,60.46,0.47,39.07
420,4_K,2s,60.39,0.44,39.17
421,5_K,2s,60.35,0.44,39.21
422,4_Q,2s,60.33,0.43,39.24
423,5_Q,2s,60.3,0.43,39.28
424,4_J,2s,60.28,0.42,39.3
425,7_K,2s,60.26,0.39,39.36
426,5_J,2s,60.24,0.42,39.34
427,7_J,1s,60.15,0.46,39.38
428,6_J,2s,60.14,0.39,39.47
429,9_K,2s,59.99,0.41,39.61
430,6_K,2s,59.98,0.4,39.62
431,6_Q,2s,59.93,0.39,39.68
432,4_5,1s,59.78,0.54,39.68
433,3_4,2s,59.76,0.48,39.76
434,8_9,1s,59.74,0.46,39.81
435,5_6,1s,59.73,0.51,39.76
436,3_5,2s,59.72,0.47,39.81
437,8_Q,2s,59.69,0.39,39.92
438,7_8,1s,59.56,0.44,39.99
439,9_Q,1s,59.55,0.48,39.97
440,7_9,2s,59.55,0.37,40.08
441,5_7,2s,59.5,0.41,40.09
442,6_7,1s,59.46,0.46,40.08
443,7_J,2s,59.4,0.38,40.22
444,4_6,2s,59.33,0.42,40.24
445,6_8,2s,59.26,0.37,40.37
446,8_J,1s,59.25,0.46,40.29
447,9_Q,2s,58.87,0.4,40.73
448,8_J,2s,58.57,0.38,41.05
449,J_Q,2osame,58.56,0.52,40.93
450,J_Q,2osame,58.56,0.52,40.93
451,8_9,2s,58.55,0.37,41.08
452,J_Q,2odifferent,58.5,0.36,41.14
453,4_5,2s,58.44,0.46,41.1
454,5_6,2s,58.39,0.42,41.19
455,9_J,1s,58.34,0.47,41.18
456,7_8,2s,58.34,0.36,41.3
457,J_Q,1o,58.19,0.44,41.37
458,J_Q,1o,58.19,0.44,41.37
459,6_7,2s,58.18,0.37,41.44
460,9_J,2s,57.74,0.39,41.86
461,J_Q,1s,55.21,0.5,44.3
462,J_Q,2s,54.74,0.42,44.84
463,2_2,2osame,48.5,0.61,50.88
464,2_2,1o,48.11,0.58,51.31
465,J_K,2odifferent,48.03,11.87,40.1
466,Q_K,2odifferent,47.95,0.58,51.47
467,J_K,2osame,47.95,12.21,39.85
468,J_K,2osame,47.95,12.21,39.85
469,Q_K,2osame,47.87,0.74,51.38
470,Q_K,2osame,47.87,0.74,51.38
471,3_3,2osame,47.8,0.57,51.63
472,2_2,2odifferent,47.73,0.54,51.73
473,J_K,1o,47.65,12.04,40.31
474,J_K,1o,47.65,12.04,40.31
475,Q_K,1o,47.57,0.66,51.76
476,Q_K,1o,47.57,0.66,51.76
477,3_3,1o,47.42,0.52,52.07
478,4_4,2osame,47.17,0.53,52.3
479,3_3,2odifferent,47.03,0.46,52.5
480,4_4,1o,46.79,0.46,52.75
481,5_5,2osame,46.69,0.52,52.79
482,4_4,2odifferent,46.41,0.4,53.19
483,5_5,1o,46.31,0.44,53.24
484,5_5,2odifferent,45.94,0.37,53.69
485,6_6,2osame,45.88,0.46,53.66
486,6_6,1o,45.51,0.38,54.11
487,7_7,2osame,45.47,0.44,54.09
488,J_K,1s,45.45,11.28,43.27
489,Q_K,1s,45.37,0.71,53.92
490,6_6,2odifferent,45.13,0.31,54.56
491,7_7,1o,45.1,0.36,54.54
492,J_K,2s,45.0,11.11,43.89
493,Q_K,2s,44.9,0.63,54.47
494,8_8,2osame,44.77,0.44,54.8
495,7_7,2odifferent,44.73,0.28,54.99
496,9_9,2osame,44.66,0.45,54.89
497,8_8,1o,44.4,0.36,55.24
498,9_9,1o,44.29,0.37,55.34
499,8_8,2odifferent,44.03,0.28,55.69
500,9_9,2odifferent,43.91,0.29,55.8
501,T_T,2odifferent,29.68,2.13,68.2
502,K_K,2odifferent,29.01,0.31,70.68
503,Q_Q,2odifferent,28.76,0.31,70.93
504,K_K,2osame,28.6,0.47,70.93
505,J_J,2odifferent,28.59,0.3,71.11
506,K_K,1o,28.44,0.39,71.17
507,Q_Q,2osame,28.34,0.46,71.19
508,Q_Q,1o,28.19,0.39,71.43
509,J_J,2osame,28.16,0.46,71.38
510,J_J,1o,28.01,0.38,71.61
511,K_A,2odifferent,24.34,4.57,71.09
512,Q_A,2odifferent,23.95,5.68,70.37
513,K_A,1o,23.64,4.65,71.71
514,K_A,2osame,23.59,4.75,71.65
515,K_A,1o,23.58,4.66,71.76
516,J_A,2odifferent,23.55,7.93,68.52
517,Q_A,1o,23.23,5.78,70.98
518,Q_A,2osame,23.18,5.89,70.92
519,Q_A,1o,23.18,5.79,71.03
520,K_A,1s,23.13,4.5,72.37
521,K_A,2s,22.84,4.39,72.77
522,J_A,1o,22.83,8.05,69.12
523,J_A,1o,22.78,8.06,69.16
524,J_A,2osame,22.78,8.19,69.04
525,Q_A,1s,22.76,5.6,71.64
526,Q_A,2s,22.49,5.48,72.03
527,J_A,1s,22.39,7.76,69.85
528,J_A,2s,22.14,7.62,70.24
529,A_A,2odifferent,8.11,1.21,90.68
530,A_A,1o,7.19,1.31,91.5
531,T_A,2s,2.17,90.67,7.16
532,T_A,2odifferent,2.17,95.65,2.17
533,T_A,1o,1.1,97.09,1.82
534,T_A,2osame,0.74,98.52,0.74
