,vs_Hand,type,Equity_%,Draws_%,Loses_%
0,2_T,2osame,74.2,5.7,20.1
1,3_T,2osame,73.7,5.66,20.64
2,2_T,1o,73.58,5.56,20.86
3,6_T,2osame,73.47,5.52,21.01
4,4_T,2osame,73.2,5.62,21.18
5,5_T,2osame,73.11,5.59,21.3
6,3_T,1o,73.09,5.52,21.39
7,2_T,2odifferent,72.92,5.46,21.62
8,6_T,1o,72.86,5.38,21.76
9,4_T,1o,72.6,5.48,21.92
10,5_T,1o,72.51,5.45,22.04
11,3_T,2odifferent,72.43,5.4,22.16
12,6_T,2odifferent,72.21,5.25,22.55
13,4_T,2odifferent,71.95,5.35,22.7
14,5_T,2odifferent,71.86,5.32,22.82
15,7_T,2osame,71.86,5.42,22.72
16,8_T,2osame,71.49,5.34,23.16
17,9_T,2osame,71.47,5.29,23.24
18,7_T,1o,71.28,5.28,23.44
19,8_T,1o,70.91,5.21,23.88
20,9_T,1o,70.89,5.15,23.97
21,7_T,2odifferent,70.64,5.14,24.21
22,2_9,2osame,70.62,1.29,28.09
23,2_9,2osame,70.62,1.29,28.09
24,8_T,2odifferent,70.29,5.07,24.65
25,9_T,2odifferent,70.26,5.01,24.73
26,3_9,2osame,70.22,1.28,28.51
27,3_9,2osame,70.22,1.28,28.51
28,4_9,2osame,70.17,1.28,28.55
29,4_9,2osame,70.17,1.28,28.55
30,2_9,1o,70.03,1.21,28.76
31,2_9,1o,70.03,1.26,28.72
32,2_8,2osame,69.82,1.27,28.91
33,2_8,2osame,69.82,1.27,28.91
34,3_8,2osame,69.77,1.27,28.97
35,3_8,2osame,69.77,1.27,28.97
36,3_9,1o,69.63,1.2,29.17
37,3_9,1o,69.63,1.22,29.14
38,4_9,1o,69.59,1.21,29.2
39,4_9,1o,69.58,1.2,29.22
40,2_7,2osame,69.47,1.27,29.27
41,2_7,2osame,69.47,1.27,29.26
42,2_9,2odifferent,69.43,1.18,29.39
43,2_8,1o,69.24,1.19,29.57
44,2_8,1o,69.24,1.23,29.53
45,3_8,1o,69.19,1.19,29.62
46,3_8,1o,69.19,1.21,29.6
47,3_9,2odifferent,69.04,1.14,29.81
48,4_9,2odifferent,69.0,1.13,29.87
49,2_7,1o,68.9,1.19,29.91
50,2_7,1o,68.89,1.23,29.87
51,5_9,2osame,68.76,1.28,29.96
52,5_9,2osame,68.76,1.28,29.96
53,2_8,2odifferent,68.66,1.15,30.19
54,3_8,2odifferent,68.61,1.13,30.26
55,2_T,2s,68.59,5.27,26.14
56,4_8,2osame,68.35,1.25,30.4
57,4_8,2osame,68.35,1.25,30.4
58,2_6,2osame,68.32,1.26,30.41
59,2_6,2osame,68.32,1.27,30.41
60,2_7,2odifferent,68.32,1.15,30.53
61,5_9,1o,68.2,1.2,30.6
62,5_9,1o,68.19,1.2,30.61
63,3_T,2s,68.13,5.23,26.64
64,3_7,2osame,68.04,1.26,30.7
65,3_7,2osame,68.04,1.26,30.7
66,6_T,2s,67.9,5.1,27.0
67,6_9,2osame,67.88,1.23,30.89
68,6_9,2osame,67.88,1.23,30.89
69,2_J,1o,67.82,11.28,20.91
70,4_8,1o,67.79,1.17,31.04
71,4_8,1o,67.79,1.19,31.02
72,2_6,1o,67.77,1.19,31.04
73,2_6,1o,67.76,1.23,31.01
74,2_J,2osame,67.73,11.44,20.83
75,4_T,2s,67.67,5.2,27.13
76,5_9,2odifferent,67.63,1.12,31.25
77,5_T,2s,67.58,5.17,27.25
78,3_7,1o,67.49,1.2,31.31
79,3_7,1o,67.49,1.18,31.33
80,3_J,1o,67.38,11.18,21.44
81,6_9,1o,67.33,1.15,31.51
82,6_9,1o,67.33,1.15,31.52
83,3_J,2osame,67.28,11.34,21.38
84,6_J,1o,67.28,10.91,21.81
85,2_J,2odifferent,67.23,11.16,21.62
86,4_8,2odifferent,67.23,1.11,31.66
87,2_6,2odifferent,67.21,1.15,31.64
88,6_J,2osame,67.19,11.07,21.74
89,2_3,2osame,67.09,1.31,31.6
90,2_J,1o,67.09,11.32,21.59
91,2_3,2osame,67.09,1.31,31.6
92,5_8,2osame,67.0,1.25,31.75
93,5_8,2osame,67.0,1.25,31.75
94,4_J,1o,66.94,11.09,21.98
95,3_7,2odifferent,66.94,1.12,31.94
96,7_J,1o,66.93,10.79,22.27
97,3_6,2osame,66.9,1.25,31.85
98,3_6,2osame,66.9,1.25,31.85
99,8_J,1o,66.89,10.75,22.37
100,5_J,1o,66.89,11.02,22.1
101,7_9,2osame,66.86,1.24,31.9
102,7_9,2osame,66.86,1.24,31.9
103,4_J,2osame,66.84,11.25,21.91
104,7_J,2osame,66.83,10.96,22.21
105,3_J,2odifferent,66.8,11.04,22.16
106,5_J,2osame,66.79,11.18,22.04
107,8_J,2osame,66.78,10.91,22.31
108,6_9,2odifferent,66.77,1.08,32.15
109,2_9,1s,66.76,1.23,32.0
110,6_J,2odifferent,66.71,10.75,22.55
111,2_4,2osame,66.69,1.29,32.02
112,2_4,2osame,66.69,1.29,32.02
113,9_J,1o,66.68,10.93,22.39
114,2_5,2osame,66.65,1.29,32.06
115,3_J,1o,66.65,11.2,22.14
116,2_5,2osame,66.64,1.29,32.07
117,4_7,2osame,66.62,1.24,32.13
118,4_7,2osame,66.62,1.24,32.13
119,9_J,2osame,66.57,11.1,22.33
120,6_J,1o,66.56,10.91,22.53
121,2_3,1o,66.55,1.25,32.19
122,2_3,1o,66.55,1.27,32.18
123,7_T,2s,66.49,5.02,28.49
124,5_8,1o,66.46,1.18,32.36
125,5_8,1o,66.46,1.17,32.37
126,3_9,1s,66.39,1.22,32.39
127,4_J,2odifferent,66.37,10.94,22.7
128,3_6,1o,66.36,1.18,32.46
129,3_6,1o,66.36,1.2,32.44
130,7_J,2odifferent,66.36,10.64,23.0
131,4_9,1s,66.35,1.22,32.43
132,7_9,1o,66.33,1.16,32.51
133,7_9,1o,66.32,1.16,32.52
134,5_J,2odifferent,66.32,10.86,22.82
135,8_J,2odifferent,66.31,10.59,23.1
136,9_T,2s,66.23,4.92,28.85
137,4_J,1o,66.22,11.1,22.69
138,7_J,1o,66.21,10.79,22.99
139,8_T,2s,66.2,4.96,28.84
140,5_J,1o,66.17,11.02,22.81
141,8_J,1o,66.16,10.75,23.09
142,6_8,2osame,66.16,1.21,32.63
143,2_4,1o,66.16,1.22,32.62
144,2_4,1o,66.16,1.26,32.59
145,6_8,2osame,66.16,1.21,32.63
146,2_5,1o,66.12,1.22,32.67
147,2_5,1o,66.11,1.25,32.63
148,9_J,2odifferent,66.1,10.78,23.12
149,4_7,1o,66.09,1.17,32.74
150,4_7,1o,66.09,1.18,32.73
151,8_9,2osame,66.08,1.25,32.68
152,8_9,2osame,66.08,1.25,32.68
153,2_3,2odifferent,66.01,1.22,32.77
154,2_8,1s,66.01,1.21,32.78
155,3_8,1s,65.96,1.21,32.84
156,9_J,1o,65.95,10.94,23.11
157,5_8,2odifferent,65.92,1.1,32.98
158,3_6,2odifferent,65.82,1.12,33.05
159,7_9,2odifferent,65.79,1.08,33.13
160,2_7,1s,65.66,1.21,33.13
161,6_8,1o,65.64,1.13,33.23
162,6_8,1o,65.63,1.13,33.24
163,2_4,2odifferent,65.63,1.19,33.19
164,5_7,2osame,65.58,1.24,33.18
165,5_7,2osame,65.58,1.24,33.18
166,2_5,2odifferent,65.58,1.18,33.24
167,4_7,2odifferent,65.56,1.1,33.34
168,8_9,1o,65.56,1.17,33.28
169,8_9,1o,65.55,1.17,33.28
170,4_6,2osame,65.48,1.24,33.28
171,4_6,2osame,65.48,1.24,33.28
172,5_6,2osame,65.44,1.24,33.32
173,5_6,2osame,65.44,1.24,33.32
174,3_4,2osame,65.26,1.28,33.46
175,3_4,2osame,65.26,1.28,33.46
176,2_9,2s,65.24,1.15,33.61
177,3_5,2osame,65.22,1.28,33.5
178,3_5,2osame,65.22,1.28,33.5
179,7_8,2osame,65.14,1.22,33.64
180,7_8,2osame,65.14,1.22,33.64
181,6_8,2odifferent,65.11,1.05,33.84
182,5_7,1o,65.06,1.16,33.78
183,5_7,1o,65.06,1.17,33.77
184,5_9,1s,65.05,1.22,33.73
185,8_9,2odifferent,65.03,1.09,33.89
186,6_7,2osame,65.01,1.2,33.79
187,6_7,2osame,65.01,1.2,33.79
188,4_6,1o,64.96,1.17,33.87
189,4_6,1o,64.96,1.18,33.86
190,5_6,1o,64.92,1.16,33.91
191,5_6,1o,64.92,1.17,33.91
192,3_9,2s,64.88,1.14,33.99
193,4_9,2s,64.83,1.13,34.03
194,3_4,1o,64.75,1.21,34.03
195,3_4,1o,64.75,1.23,34.02
196,3_5,1o,64.71,1.21,34.09
197,3_5,1o,64.71,1.22,34.07
198,7_8,1o,64.63,1.14,34.23
199,4_8,1s,64.63,1.2,34.17
200,7_8,1o,64.63,1.14,34.23
201,2_6,1s,64.57,1.21,34.22
202,5_7,2odifferent,64.54,1.09,34.37
203,6_7,1o,64.5,1.12,34.38
204,6_7,1o,64.5,1.12,34.38
205,2_8,2s,64.49,1.12,34.39
206,4_6,2odifferent,64.44,1.1,34.46
207,3_8,2s,64.44,1.12,34.44
208,5_6,2odifferent,64.41,1.09,34.5
209,2_J,1s,64.33,10.88,24.79
210,3_7,1s,64.33,1.2,34.47
211,3_4,2odifferent,64.24,1.16,34.6
212,3_5,2odifferent,64.2,1.15,34.65
213,6_9,1s,64.18,1.18,34.65
214,2_7,2s,64.13,1.12,34.75
215,7_8,2odifferent,64.12,1.06,34.82
216,6_7,2odifferent,63.99,1.04,34.97
217,3_J,1s,63.92,10.79,25.29
218,6_J,1s,63.82,10.52,25.66
219,4_5,2osame,63.8,1.27,34.93
220,4_5,2osame,63.8,1.27,34.93
221,5_9,2s,63.56,1.13,35.3
222,4_J,1s,63.51,10.7,25.79
223,7_J,1s,63.47,10.41,26.11
224,5_J,1s,63.46,10.63,25.91
225,2_3,1s,63.43,1.24,35.32
226,8_J,1s,63.4,10.37,26.23
227,5_8,1s,63.38,1.2,35.42
228,4_5,1o,63.31,1.2,35.49
229,4_5,1o,63.31,1.19,35.5
230,3_6,1s,63.24,1.2,35.56
231,2_J,2s,63.23,10.62,26.14
232,7_9,1s,63.2,1.18,35.62
233,9_J,1s,63.19,10.54,26.27
234,4_8,2s,63.16,1.11,35.73
235,2_4,1s,63.06,1.23,35.71
236,2_6,2s,63.06,1.12,35.82
237,2_5,1s,63.02,1.23,35.75
238,4_7,1s,63.0,1.19,35.81
239,3_7,2s,62.85,1.11,36.04
240,3_J,2s,62.83,10.53,26.64
241,4_5,2odifferent,62.82,1.13,36.06
242,6_9,2s,62.77,1.09,36.13
243,6_J,2s,62.73,10.26,27.0
244,6_8,1s,62.56,1.16,36.29
245,8_J,2s,62.46,10.14,27.4
246,7_J,2s,62.46,10.17,27.37
247,8_9,1s,62.45,1.19,36.37
248,4_J,2s,62.43,10.44,27.13
249,5_J,2s,62.38,10.37,27.25
250,9_J,2s,62.32,10.32,27.36
251,5_7,1s,62.03,1.19,36.78
252,2_3,2s,61.97,1.18,36.86
253,5_8,2s,61.94,1.11,36.95
254,4_6,1s,61.92,1.19,36.9
255,5_6,1s,61.87,1.19,36.95
256,7_9,2s,61.85,1.1,37.05
257,3_6,2s,61.77,1.11,37.11
258,3_4,1s,61.73,1.22,37.05
259,3_5,1s,61.69,1.22,37.09
260,2_4,2s,61.6,1.16,37.24
261,4_7,2s,61.57,1.1,37.33
262,7_8,1s,61.57,1.16,37.27
263,2_5,2s,61.56,1.15,37.29
264,6_7,1s,61.46,1.15,37.39
265,6_8,2s,61.19,1.07,37.74
266,8_9,2s,61.15,1.1,37.74
267,5_7,2s,60.63,1.1,38.27
268,4_6,2s,60.5,1.1,38.4
269,5_6,2s,60.46,1.1,38.44
270,4_5,1s,60.36,1.21,38.43
271,3_4,2s,60.32,1.15,38.53
272,3_5,2s,60.28,1.14,38.59
273,7_8,2s,60.27,1.08,38.66
274,6_7,2s,60.11,1.06,38.83
275,4_5,2s,59.0,1.13,39.87
276,2_Q,1o,54.08,2.6,43.32
277,3_Q,1o,53.9,2.59,43.51
278,6_Q,1o,53.9,2.53,43.57
279,2_Q,2osame,53.76,2.69,43.55
280,2_Q,2osame,53.76,2.69,43.55
281,4_Q,1o,53.73,2.57,43.7
282,5_Q,1o,53.73,2.57,43.7
283,2_Q,2odifferent,53.71,2.56,43.73
284,7_Q,1o,53.68,2.64,43.68
285,6_Q,2osame,53.58,2.62,43.8
286,3_Q,2osame,53.58,2.68,43.74
287,3_Q,2osame,53.58,2.68,43.74
288,6_Q,2osame,53.58,2.62,43.8
289,6_Q,2odifferent,53.54,2.44,44.02
290,3_Q,2odifferent,53.54,2.52,43.94
291,4_Q,2osame,53.41,2.66,43.93
292,5_Q,2osame,53.4,2.66,43.93
293,4_Q,2osame,53.4,2.66,43.93
294,5_Q,2osame,53.4,2.66,43.93
295,2_Q,1o,53.39,2.65,43.96
296,5_Q,2odifferent,53.37,2.49,44.14
297,4_Q,2odifferent,53.37,2.49,44.14
298,7_Q,2osame,53.36,2.73,43.91
299,7_Q,2osame,53.36,2.73,43.91
300,7_Q,2odifferent,53.32,2.55,44.13
301,3_Q,1o,53.22,2.61,44.17
302,6_Q,1o,53.22,2.53,44.25
303,4_Q,1o,53.05,2.59,44.37
304,5_Q,1o,53.05,2.58,44.38
305,7_Q,1o,53.0,2.64,44.36
306,2_K,1o,52.44,2.37,45.2
307,8_Q,1o,52.4,2.64,44.95
308,3_K,1o,52.26,2.35,45.39
309,6_K,1o,52.26,2.29,45.45
310,2_K,2osame,52.11,2.46,45.43
311,2_K,2osame,52.1,2.46,45.44
312,5_K,1o,52.08,2.34,45.58
313,2_K,2odifferent,52.08,2.32,45.6
314,4_K,1o,52.08,2.34,45.58
315,8_Q,2osame,52.06,2.73,45.21
316,8_Q,2osame,52.06,2.73,45.21
317,8_Q,2odifferent,52.06,2.55,45.39
318,3_K,2osame,51.93,2.44,45.63
319,6_K,2osame,51.93,2.38,45.69
320,3_K,2osame,51.93,2.44,45.63
321,6_K,2osame,51.92,2.38,45.69
322,3_K,2odifferent,51.91,2.29,45.8
323,6_K,2odifferent,51.91,2.2,45.88
324,2_K,1o,51.76,2.41,45.83
325,4_K,2osame,51.75,2.43,45.82
326,4_K,2osame,51.75,2.43,45.82
327,5_K,2osame,51.75,2.43,45.82
328,5_K,2osame,51.75,2.43,45.82
329,4_K,2odifferent,51.74,2.26,46.0
330,5_K,2odifferent,51.74,2.25,46.01
331,8_Q,1o,51.72,2.64,45.64
332,7_K,1o,51.62,2.48,45.91
333,3_K,1o,51.58,2.38,46.04
334,6_K,1o,51.58,2.3,46.12
335,4_K,1o,51.41,2.35,46.24
336,5_K,1o,51.41,2.34,46.25
337,2_2,2osame,51.35,1.47,47.17
338,7_K,2odifferent,51.28,2.39,46.33
339,7_K,2osame,51.27,2.57,46.16
340,7_K,2osame,51.27,2.57,46.16
341,2_Q,1s,51.15,2.52,46.33
342,3_Q,1s,50.99,2.51,46.5
343,6_Q,1s,50.99,2.45,46.56
344,7_K,1o,50.94,2.48,46.58
345,2_2,1o,50.91,1.44,47.65
346,3_3,2osame,50.85,1.23,47.92
347,4_Q,1s,50.83,2.5,46.67
348,5_Q,1s,50.83,2.5,46.68
349,7_Q,1s,50.82,2.55,46.63
350,2_2,2odifferent,50.48,1.4,48.12
351,6_A,1o,50.46,2.39,47.15
352,3_3,1o,50.42,1.18,48.4
353,4_4,2osame,50.4,1.01,48.59
354,2_Q,2s,50.39,2.43,47.18
355,6_Q,2s,50.23,2.36,47.41
356,3_Q,2s,50.23,2.41,47.35
357,6_A,2odifferent,50.13,2.3,47.57
358,6_A,2osame,50.12,2.48,47.4
359,6_A,2osame,50.11,2.48,47.4
360,7_Q,2s,50.09,2.46,47.46
361,5_Q,2s,50.08,2.4,47.52
362,4_Q,2s,50.08,2.4,47.52
363,5_5,2osame,50.07,0.85,49.08
364,3_3,2odifferent,49.99,1.12,48.89
365,4_4,1o,49.97,0.95,49.09
366,6_6,2osame,49.88,0.68,49.44
367,6_A,1o,49.79,2.39,47.82
368,2_A,1o,49.67,2.5,47.83
369,5_5,1o,49.64,0.77,49.58
370,2_K,1s,49.58,2.3,48.13
371,8_Q,1s,49.58,2.56,47.87
372,4_4,2odifferent,49.54,0.88,49.58
373,3_A,1o,49.5,2.48,48.02
374,6_6,1o,49.45,0.6,49.95
375,3_K,1s,49.41,2.29,48.3
376,6_K,1s,49.41,2.23,48.36
377,4_A,1o,49.37,2.42,48.21
378,5_A,1o,49.37,2.42,48.21
379,2_A,2odifferent,49.35,2.45,48.2
380,2_A,2osame,49.32,2.59,48.09
381,2_A,2osame,49.32,2.59,48.09
382,4_K,1s,49.25,2.27,48.47
383,5_K,1s,49.25,2.27,48.47
384,5_5,2odifferent,49.21,0.7,50.08
385,3_A,2odifferent,49.18,2.41,48.4
386,3_A,2osame,49.14,2.58,48.28
387,3_A,2osame,49.14,2.58,48.28
388,4_A,2odifferent,49.05,2.34,48.6
389,5_A,2odifferent,49.05,2.34,48.61
390,6_6,2odifferent,49.02,0.53,50.45
391,4_A,2osame,49.01,2.52,48.47
392,5_A,2osame,49.0,2.52,48.48
393,5_A,2osame,49.0,2.52,48.48
394,2_A,1o,49.0,2.54,48.46
395,4_A,2osame,49.0,2.52,48.48
396,8_Q,2s,48.91,2.46,48.62
397,7_K,1s,48.83,2.4,48.77
398,3_A,1o,48.82,2.51,48.67
399,2_K,2s,48.82,2.2,48.98
400,5_A,1o,48.69,2.43,48.88
401,4_A,1o,48.69,2.44,48.87
402,3_K,2s,48.66,2.19,49.15
403,6_K,2s,48.66,2.14,49.2
404,4_K,2s,48.51,2.18,49.32
405,5_K,2s,48.51,2.18,49.32
406,7_7,2osame,48.45,0.58,50.97
407,7_K,2s,48.12,2.31,49.57
408,7_7,1o,48.03,0.5,51.47
409,6_A,1s,47.69,2.32,49.99
410,7_7,2odifferent,47.61,0.42,51.97
411,8_8,2osame,47.39,0.51,52.1
412,8_8,1o,46.97,0.43,52.6
413,2_A,1s,46.95,2.42,50.63
414,6_A,2s,46.95,2.22,50.83
415,3_A,1s,46.79,2.4,50.81
416,4_A,1s,46.67,2.35,50.98
417,5_A,1s,46.67,2.35,50.98
418,8_8,2odifferent,46.55,0.35,53.1
419,9_9,2osame,46.4,0.48,53.13
420,2_A,2s,46.23,2.32,51.45
421,3_A,2s,46.07,2.3,51.62
422,9_9,1o,45.98,0.4,53.62
423,4_A,2s,45.96,2.25,51.79
424,5_A,2s,45.96,2.25,51.79
425,9_9,2odifferent,45.56,0.32,54.12
426,7_A,1o,45.11,6.92,47.97
427,7_A,2odifferent,44.83,6.79,48.38
428,7_A,2osame,44.72,7.05,48.23
429,7_A,2osame,44.72,7.05,48.23
430,8_K,1o,44.66,9.41,45.93
431,8_A,1o,44.53,0.4,55.08
432,7_A,1o,44.44,6.92,48.64
433,8_K,2odifferent,44.37,9.26,46.36
434,8_K,2osame,44.27,9.56,46.18
435,8_K,2osame,44.27,9.56,46.18
436,8_A,2odifferent,44.25,0.32,55.43
437,9_A,1o,44.23,0.41,55.36
438,8_A,2osame,44.13,0.48,55.4
439,8_A,2osame,44.13,0.48,55.4
440,8_K,1o,43.98,9.41,46.61
441,9_A,2odifferent,43.94,0.33,55.72
442,8_A,1o,43.85,0.4,55.75
443,9_A,2osame,43.83,0.49,55.68
444,9_A,2osame,43.83,0.49,55.68
445,9_A,1o,43.55,0.41,56.04
446,9_K,1o,43.29,0.66,56.05
447,9_K,2odifferent,43.03,0.58,56.39
448,9_K,2osame,42.88,0.74,56.38
449,9_K,2osame,42.88,0.74,56.39
450,7_A,1s,42.74,6.53,50.74
451,9_K,1o,42.61,0.66,56.73
452,8_K,1s,42.42,8.84,48.75
453,9_Q,1o,42.27,11.5,46.23
454,8_A,1s,42.22,0.47,57.32
455,7_A,2s,42.07,6.39,51.53
456,9_Q,2odifferent,42.02,11.34,46.64
457,9_A,1s,41.99,0.48,57.54
458,9_Q,2osame,41.84,11.66,46.5
459,9_Q,2osame,41.84,11.66,46.5
460,8_K,2s,41.76,8.69,49.55
461,9_Q,1o,41.59,11.5,46.91
462,8_A,2s,41.58,0.39,58.04
463,9_A,2s,41.35,0.4,58.26
464,9_K,1s,41.09,0.71,58.2
465,9_K,2s,40.51,0.62,58.87
466,9_Q,1s,40.12,10.78,49.1
467,9_Q,2s,39.59,10.62,49.79
468,K_A,2odifferent,37.21,0.37,62.43
469,Q_A,2odifferent,36.95,0.36,62.69
470,K_A,1o,36.66,0.44,62.9
471,K_A,1o,36.65,0.44,62.9
472,Q_A,1o,36.4,0.44,63.16
473,Q_A,1o,36.39,0.44,63.17
474,K_A,2osame,36.11,0.52,63.37
475,K_A,2osame,36.11,0.52,63.37
476,Q_A,2osame,35.85,0.52,63.64
477,Q_A,2osame,35.85,0.52,63.64
478,Q_K,2odifferent,35.61,0.6,63.78
479,K_A,1s,35.12,0.5,64.38
480,Q_K,1o,35.04,0.68,64.28
481,Q_K,1o,35.03,0.68,64.28
482,Q_A,1s,34.93,0.5,64.58
483,K_A,2s,34.74,0.42,64.84
484,Q_A,2s,34.56,0.42,65.03
485,Q_K,2osame,34.46,0.76,64.78
486,Q_K,2osame,34.46,0.76,64.78
487,T_T,2odifferent,34.04,1.83,64.14
488,Q_K,1s,33.61,0.73,65.66
489,Q_K,2s,33.31,0.65,66.04
490,T_A,2odifferent,28.52,1.68,69.8
491,J_A,2odifferent,28.36,1.7,69.94
492,T_A,2osame,27.88,1.88,70.24
493,T_A,1o,27.86,1.78,70.36
494,J_A,1o,27.71,1.79,70.49
495,J_A,1o,27.65,1.8,70.55
496,J_A,2osame,26.99,1.9,71.11
497,T_K,2odifferent,26.95,2.7,70.36
498,J_A,1s,26.93,1.84,71.23
499,J_K,2odifferent,26.8,2.72,70.48
500,T_A,2s,26.77,1.67,71.56
501,J_A,2s,26.62,1.69,71.69
502,T_K,2osame,26.27,2.92,70.82
503,T_K,1o,26.27,2.81,70.93
504,J_K,1o,26.13,2.82,71.05
505,J_K,1o,26.07,2.83,71.1
506,J_K,1s,25.46,2.84,71.7
507,J_K,2osame,25.38,2.94,71.68
508,T_K,2s,25.37,2.67,71.95
509,T_Q,2odifferent,25.34,3.67,70.99
510,J_K,2s,25.23,2.69,72.08
511,J_Q,2odifferent,25.19,3.69,71.12
512,T_Q,1o,24.63,3.79,71.58
513,T_Q,2osame,24.61,3.91,71.48
514,J_Q,1o,24.49,3.8,71.71
515,J_Q,1o,24.44,3.81,71.75
516,T_Q,2s,23.94,3.64,72.43
517,J_Q,1s,23.93,3.8,72.26
518,J_Q,2s,23.79,3.66,72.55
519,J_Q,2osame,23.72,3.94,72.34
520,A_A,2odifferent,17.82,0.28,81.9
521,A_A,1o,17.08,0.36,82.56
522,A_A,2osame,16.34,0.44,83.22
523,K_K,2odifferent,16.32,0.31,83.37
524,K_K,1o,15.56,0.39,84.05
525,Q_Q,2odifferent,14.82,0.3,84.88
526,K_K,2osame,14.8,0.46,84.73
527,Q_Q,1o,14.04,0.38,85.58
528,Q_Q,2osame,13.26,0.46,86.28
529,J_J,2odifferent,12.49,2.04,85.47
530,J_J,1o,11.63,2.15,86.22
531,T_J,2s,2.17,90.67,7.16
532,T_J,2odifferent,2.17,95.65,2.17
533,T_J,1o,1.09,97.09,1.82
534,T_J,2osame,0.74,98.52,0.74
